#Frame            pro
       1       0.0000
       2       0.8251
       3       0.7905
       4       0.8427
       5       0.8926
       6       0.9094
       7       0.9322
       8       0.9206
       9       0.9683
      10       1.0067
      11       1.0621
      12       1.1328
      13       0.9430
      14       0.9386
      15       1.0046
      16       0.9533
      17       0.9333
      18       1.0529
      19       0.9302
      20       0.9798
      21       0.9876
      22       1.0218
      23       1.0662
      24       1.0326
      25       1.0166
      26       1.0958
      27       1.0684
      28       1.0942
      29       1.0902
      30       1.1979
      31       1.2470
      32       1.0551
      33       1.0847
      34       1.1075
      35       1.1016
      36       1.1563
      37       1.3462
      38       1.2239
      39       1.3528
      40       1.4311
      41       1.4106
      42       1.4764
      43       1.3340
      44       1.3668
      45       1.2690
      46       1.3543
      47       1.3272
      48       1.2823
      49       1.3323
      50       1.2835
      51       1.3361
      52       1.2706
      53       1.4884
      54       1.2323
      55       1.3603
      56       1.3251
      57       1.4357
      58       1.3873
      59       1.3413
      60       1.4765
      61       1.2858
      62       1.3892
      63       1.2853
      64       1.3215
      65       1.3093
      66       1.3228
      67       1.4215
      68       1.3662
      69       1.3754
      70       1.4900
      71       1.3980
      72       1.3665
      73       1.3408
      74       1.3206
      75       1.2788
      76       1.2999
      77       1.3823
      78       1.3033
      79       1.3459
      80       1.4351
      81       1.4061
      82       1.3300
      83       1.2879
      84       1.3290
      85       1.3588
      86       1.3331
      87       1.3551
      88       1.3137
      89       1.3079
      90       1.3906
      91       1.3189
      92       1.3631
      93       1.3385
      94       1.3389
      95       1.4097
      96       1.5417
      97       1.3760
      98       1.3184
      99       1.5886
     100       1.4490
     101       1.4577
     102       1.4677
     103       1.3561
     104       1.3879
     105       1.5084
     106       1.5000
     107       1.5189
     108       1.4861
     109       1.5284
     110       1.6161
     111       1.4510
     112       1.4386
     113       1.4263
     114       1.3262
     115       1.3682
     116       1.3710
     117       1.4411
     118       1.3753
     119       1.3856
     120       1.4628
     121       1.3331
     122       1.4772
     123       1.4114
     124       1.4169
     125       1.3013
     126       1.2841
     127       1.2290
     128       1.2333
     129       1.1764
     130       1.3185
     131       1.3998
     132       1.3880
     133       1.3546
     134       1.4036
     135       1.3585
     136       1.4143
     137       1.3208
     138       1.3541
     139       1.3833
     140       1.2978
     141       1.3240
     142       1.2252
     143       1.2497
     144       1.4516
     145       1.3797
     146       1.3383
     147       1.2797
     148       1.3187
     149       1.2836
     150       1.3155
     151       1.2879
     152       1.3992
     153       1.2782
     154       1.3171
     155       1.4573
     156       1.3586
     157       1.3812
     158       1.3618
     159       1.3817
     160       1.3694
     161       1.3541
     162       1.2752
     163       1.2929
     164       1.3061
     165       1.3277
     166       1.3499
     167       1.4383
     168       1.3017
     169       1.2472
     170       1.3690
     171       1.3441
     172       1.2797
     173       1.3375
     174       1.2426
     175       1.4614
     176       1.4305
     177       1.4090
     178       1.3899
     179       1.4345
     180       1.3463
     181       1.4914
     182       1.4806
     183       1.4443
     184       1.3934
     185       1.5128
     186       1.5211
     187       1.5168
     188       1.5171
     189       1.4360
     190       1.3824
     191       1.4406
     192       1.4775
     193       1.5135
     194       1.4741
     195       1.5671
     196       1.4667
     197       1.4405
     198       1.3841
     199       1.5735
     200       1.4466
     201       1.4516
     202       1.5439
     203       1.4542
     204       1.5381
     205       1.4359
     206       1.4980
     207       1.5174
     208       1.5133
     209       1.5162
     210       1.5049
     211       1.4736
     212       1.5150
     213       1.4739
     214       1.3767
     215       1.3979
     216       1.4458
     217       1.4911
     218       1.4649
     219       1.5342
     220       1.4838
     221       1.3905
     222       1.4212
     223       1.4320
     224       1.4757
     225       1.3927
     226       1.2937
     227       1.4484
     228       1.3865
     229       1.3343
     230       1.3604
     231       1.4432
     232       1.4072
     233       1.3810
     234       1.4394
     235       1.4650
     236       1.4133
     237       1.5845
     238       1.3896
     239       1.3182
     240       1.4634
     241       1.3897
     242       1.4706
     243       1.5351
     244       1.5705
     245       1.5015
     246       1.6199
     247       1.4394
     248       1.5502
     249       1.4683
     250       1.3391
     251       1.5086
     252       1.5593
     253       1.5564
     254       1.6202
     255       1.4829
     256       1.4516
     257       1.4870
     258       1.5623
     259       1.6082
     260       1.6624
     261       1.4946
     262       1.6598
     263       1.5944
     264       1.4678
     265       1.5276
     266       1.4505
     267       1.6184
     268       1.5700
     269       1.5511
     270       1.5369
     271       1.5386
     272       1.5429
     273       1.6021
     274       1.4538
     275       1.5732
     276       1.5694
     277       1.5087
     278       1.5932
     279       1.4831
     280       1.5627
     281       1.6903
     282       1.6221
     283       1.5446
     284       1.5257
     285       1.7143
     286       1.6847
     287       1.5638
     288       1.6002
     289       1.5156
     290       1.5096
     291       1.4637
     292       1.5198
     293       1.5945
     294       1.5315
     295       1.4706
     296       1.5189
     297       1.5107
     298       1.5663
     299       1.4627
     300       1.5064
     301       1.5811
     302       1.5214
     303       1.5361
     304       1.6784
     305       1.4836
     306       1.4044
     307       1.4717
     308       1.5658
     309       1.5797
     310       1.4725
     311       1.4694
     312       1.4926
     313       1.5471
     314       1.5399
     315       1.4601
     316       1.4542
     317       1.5408
     318       1.6041
     319       1.4609
     320       1.4730
     321       1.5473
     322       1.5317
     323       1.4933
     324       1.5715
     325       1.5673
     326       1.4393
     327       1.6287
     328       1.7742
     329       1.5737
     330       1.5437
     331       1.5827
     332       1.5606
     333       1.5002
     334       1.5163
     335       1.6354
     336       1.4771
     337       1.4679
     338       1.5847
     339       1.5708
     340       1.5578
     341       1.5407
     342       1.4619
     343       1.4875
     344       1.4593
     345       1.6172
     346       1.4966
     347       1.4063
     348       1.4664
     349       1.5654
     350       1.6691
     351       1.5087
     352       1.4660
     353       1.5453
     354       1.3864
     355       1.5146
     356       1.5642
     357       1.4924
     358       1.6092
     359       1.6127
     360       1.5599
     361       1.4632
     362       1.4456
     363       1.4901
     364       1.5683
     365       1.5424
     366       1.4836
     367       1.5190
     368       1.4366
     369       1.5829
     370       1.4772
     371       1.6131
     372       1.5126
     373       1.4947
     374       1.4751
     375       1.4646
     376       1.4991
     377       1.4555
     378       1.5234
     379       1.6122
     380       1.6327
     381       1.5373
     382       1.4947
     383       1.4832
     384       1.4468
     385       1.7021
     386       1.5470
     387       1.4075
     388       1.4703
     389       1.4777
     390       1.4601
     391       1.4083
     392       1.4416
     393       1.5434
     394       1.5095
     395       1.4308
     396       1.5091
     397       1.4517
     398       1.5264
     399       1.6187
     400       1.6179
     401       1.6477
     402       1.5507
     403       1.4411
     404       1.5573
     405       1.5177
     406       1.5494
     407       1.5117
     408       1.5674
     409       1.5747
     410       1.6313
     411       1.6529
     412       1.4965
     413       1.5653
     414       1.6882
     415       1.6413
     416       1.5499
     417       1.5425
     418       1.5146
     419       1.5902
     420       1.5878
     421       1.5073
     422       1.5383
     423       1.4759
     424       1.5275
     425       1.4698
     426       1.5094
     427       1.6085
     428       1.6951
     429       1.5939
     430       1.7353
     431       1.5119
     432       1.4966
     433       1.6742
     434       1.5768
     435       1.6772
     436       1.6789
     437       1.6981
     438       1.6800
     439       1.7093
     440       1.6558
     441       1.5297
     442       1.5299
     443       1.6416
     444       1.5933
     445       1.4661
     446       1.4872
     447       1.4402
     448       1.5456
     449       1.4913
     450       1.3943
     451       1.4337
     452       1.4639
     453       1.5370
     454       1.6064
     455       1.4781
     456       1.4678
     457       1.6640
     458       1.5968
     459       1.4611
     460       1.5704
     461       1.5658
     462       1.5284
     463       1.6758
     464       1.6657
     465       1.4929
     466       1.6353
     467       1.5260
     468       1.5141
     469       1.4975
     470       1.5807
     471       1.5220
     472       1.5198
     473       1.5846
     474       1.5938
     475       1.5937
     476       1.6802
     477       1.6097
     478       1.5564
     479       1.6161
     480       1.5633
     481       1.5283
     482       1.5430
     483       1.6241
     484       1.4766
     485       1.4779
     486       1.4900
     487       1.5549
     488       1.5869
     489       1.5300
     490       1.5002
     491       1.5718
     492       1.6174
     493       1.6831
     494       1.5262
     495       1.6002
     496       1.5857
     497       1.4655
     498       1.5494
     499       1.4595
     500       1.6413
     501       1.5741
     502       1.5836
     503       1.6585
     504       1.5910
     505       1.5396
     506       1.7212
     507       1.6933
     508       1.5081
     509       1.5335
     510       1.5542
     511       1.6094
     512       1.5521
     513       1.5527
     514       1.5701
     515       1.5667
     516       1.5816
     517       1.5822
     518       1.6311
     519       1.5885
     520       1.6051
     521       1.6553
     522       1.4781
     523       1.5660
     524       1.6153
     525       1.5426
     526       1.6326
     527       1.5696
     528       1.6899
     529       1.4549
     530       1.5949
     531       1.6578
     532       1.6207
     533       1.6141
     534       1.5181
     535       1.6858
     536       1.6575
     537       1.6266
     538       1.5729
     539       1.5870
     540       1.6786
     541       1.5770
     542       1.6926
     543       1.6071
     544       1.6262
     545       1.6932
     546       1.7062
     547       1.7509
     548       1.7096
     549       1.6972
     550       1.7258
     551       1.7209
     552       1.6659
     553       1.6843
     554       1.7291
     555       1.5573
     556       1.7622
     557       1.5512
     558       1.6194
     559       1.6157
     560       1.7938
     561       1.6779
     562       1.6436
     563       1.6831
     564       1.5809
     565       1.5344
     566       1.6207
     567       1.6701
     568       1.5675
     569       1.6418
     570       1.5937
     571       1.6836
     572       1.6772
     573       1.6346
     574       1.6497
     575       1.6137
     576       1.6062
     577       1.6449
     578       1.5348
     579       1.5398
     580       1.4964
     581       1.5663
     582       1.4643
     583       1.4799
     584       1.4513
     585       1.4268
     586       1.4199
     587       1.4997
     588       1.4434
     589       1.4425
     590       1.6507
     591       1.5939
     592       1.6378
     593       1.7336
     594       1.6023
     595       1.5644
     596       1.5191
     597       1.5649
     598       1.5200
     599       1.5767
     600       1.5532
     601       1.6112
     602       1.6242
     603       1.6541
     604       1.6825
     605       1.7446
     606       1.7171
     607       1.6067
     608       1.7027
     609       1.6208
     610       1.7035
     611       1.6227
     612       1.6633
     613       1.7019
     614       1.6967
     615       1.6695
     616       1.6769
     617       1.8077
     618       1.7319
     619       1.7401
     620       1.7796
     621       1.8595
     622       1.6431
     623       1.8964
     624       1.7837
     625       1.7852
     626       1.8465
     627       1.8100
     628       1.8095
     629       1.7883
     630       1.7550
     631       1.6721
     632       1.8016
     633       1.8199
     634       1.7878
     635       1.7890
     636       1.7692
     637       1.7150
     638       1.7731
     639       1.8908
     640       1.7788
     641       1.7382
     642       1.7326
     643       1.7491
     644       1.6277
     645       1.8397
     646       1.7188
     647       1.7279
     648       1.7410
     649       1.7775
     650       1.8920
     651       1.7930
     652       1.8402
     653       1.9384
     654       1.8654
     655       1.8965
     656       1.8091
     657       1.8151
     658       1.8382
     659       1.6425
     660       1.6518
     661       1.7982
     662       1.7490
     663       1.7050
     664       1.7460
     665       1.6291
     666       1.7747
     667       1.6918
     668       1.7957
     669       1.8753
     670       1.8484
     671       1.7000
     672       1.7055
     673       1.7553
     674       1.8286
     675       1.7830
     676       1.8635
     677       1.8538
     678       1.9270
     679       1.8895
     680       1.9336
     681       1.8522
     682       1.8060
     683       1.8884
     684       1.7730
     685       1.6969
     686       1.7847
     687       1.7819
     688       1.8561
     689       1.7880
     690       1.7570
     691       1.8253
     692       1.7883
     693       1.8225
     694       1.8297
     695       1.8012
     696       1.8416
     697       1.8192
     698       1.8220
     699       1.7888
     700       1.8135
     701       1.8341
     702       1.8590
     703       1.7706
     704       1.8161
     705       1.8436
     706       1.8765
     707       1.8258
     708       1.9573
     709       1.8569
     710       1.7856
     711       1.8410
     712       1.8466
     713       1.8771
     714       1.9462
     715       1.8468
     716       2.0463
     717       2.0461
     718       1.9444
     719       1.9410
     720       1.9833
     721       1.9705
     722       1.9092
     723       2.0122
     724       1.8973
     725       1.8379
     726       1.8813
     727       2.0190
     728       1.8636
     729       1.9103
     730       1.8680
     731       1.9343
     732       1.9370
     733       1.9079
     734       1.8799
     735       1.8982
     736       1.9814
     737       2.0844
     738       1.8778
     739       1.8730
     740       1.8606
     741       1.8780
     742       1.8652
     743       1.9080
     744       1.8954
     745       1.7660
     746       1.9330
     747       1.9218
     748       1.8388
     749       1.8384
     750       1.7805
     751       1.8042
     752       1.8514
     753       1.7777
     754       1.7603
     755       1.7531
     756       1.7558
     757       1.7145
     758       1.8078
     759       1.8490
     760       1.7456
     761       1.8644
     762       1.8470
     763       1.6936
     764       1.7586
     765       1.8058
     766       1.8270
     767       1.8262
     768       1.7888
     769       1.7435
     770       1.7897
     771       1.7312
     772       1.8154
     773       1.7764
     774       1.7535
     775       1.8433
     776       1.8356
     777       1.7290
     778       1.7848
     779       1.8222
     780       1.8599
     781       1.8653
     782       1.7665
     783       1.8366
     784       1.8142
     785       1.8917
     786       1.7934
     787       1.8028
     788       1.8517
     789       1.8101
     790       1.7362
     791       1.8603
     792       1.8086
     793       1.7191
     794       1.7286
     795       1.7580
     796       1.7606
     797       1.6916
     798       1.8626
     799       1.8064
     800       1.8628
     801       1.8833
     802       1.7903
     803       1.9290
     804       1.7687
     805       1.8353
     806       1.8041
     807       1.8180
     808       1.7877
     809       1.8376
     810       1.8013
     811       1.8981
     812       1.8137
     813       1.8969
     814       1.9307
     815       1.8161
     816       1.9230
     817       1.7321
     818       1.7933
     819       1.8993
     820       1.9124
     821       1.7970
     822       1.9010
     823       1.9314
     824       1.7822
     825       1.9177
     826       1.8101
     827       1.9494
     828       1.8918
     829       1.9385
     830       1.8325
     831       1.9675
     832       1.8428
     833       1.8778
     834       1.8863
     835       1.8899
     836       1.8300
     837       1.8689
     838       1.8167
     839       1.8480
     840       1.8871
     841       1.7767
     842       1.8661
     843       1.8539
     844       1.9128
     845       1.8155
     846       1.7292
     847       1.7308
     848       1.7666
     849       1.8157
     850       1.9007
     851       1.7081
     852       1.7780
     853       1.8404
     854       1.8108
     855       1.8656
     856       1.8552
     857       1.8073
     858       1.7381
     859       1.8599
     860       1.9137
     861       1.8488
     862       1.8115
     863       1.8830
     864       1.8514
     865       1.9332
     866       1.9017
     867       2.0036
     868       1.9696
     869       1.9739
     870       1.8684
     871       1.9662
     872       1.9436
     873       1.7237
     874       1.7878
     875       1.7543
     876       1.7534
     877       1.8451
     878       1.8109
     879       1.7555
     880       1.8238
     881       1.7757
     882       1.8914
     883       1.8260
     884       1.9251
     885       1.8286
     886       1.8190
     887       1.7330
     888       1.8557
     889       1.8426
     890       1.8704
     891       1.8137
     892       1.6836
     893       1.8213
     894       1.9462
     895       1.7932
     896       1.7769
     897       1.7744
     898       1.8791
     899       1.8455
     900       1.8978
     901       1.8543
     902       2.0030
     903       1.9229
     904       1.8514
     905       1.9734
     906       1.8257
     907       1.8435
     908       1.8087
     909       1.7411
     910       1.7929
     911       1.9167
     912       1.8535
     913       1.7463
     914       1.8776
     915       1.7824
     916       1.8237
     917       1.8640
     918       1.7501
     919       1.7994
     920       1.8662
     921       1.8626
     922       1.8117
     923       1.8798
     924       1.7953
     925       1.8743
     926       1.8399
     927       1.7643
     928       1.7975
     929       1.8403
     930       1.8169
     931       1.8215
     932       1.7482
     933       1.7817
     934       1.7936
     935       1.8243
     936       1.9586
     937       1.9268
     938       1.8522
     939       1.7146
     940       1.8675
     941       1.8917
     942       1.7793
     943       1.8334
     944       1.7758
     945       1.7922
     946       1.8632
     947       1.7900
     948       1.8567
     949       1.6719
     950       1.8099
     951       1.7024
     952       1.8090
     953       1.7966
     954       1.8732
     955       1.8096
     956       1.8864
     957       1.7548
     958       1.8956
     959       1.7765
     960       1.7067
     961       1.7162
     962       1.7675
     963       1.8110
     964       1.7673
     965       1.8232
     966       1.8680
     967       1.8395
     968       1.9250
     969       1.9079
     970       1.7704
     971       1.8839
     972       1.7791
     973       1.7645
     974       1.6828
     975       1.8064
     976       1.8322
     977       1.7861
     978       1.8121
     979       1.9346
     980       1.7138
     981       1.7514
     982       1.8186
     983       1.7143
     984       1.8647
     985       1.7395
     986       1.8025
     987       1.9006
     988       1.8049
     989       1.8697
     990       1.7655
     991       1.8380
     992       1.7189
     993       1.7978
     994       1.8327
     995       1.8521
     996       1.7830
     997       1.7832
     998       1.8538
     999       1.7319
    1000       1.7938
    1001       1.7626
    1002       1.8028
    1003       1.7939
    1004       1.8360
    1005       1.7461
    1006       1.7522
    1007       1.8527
    1008       1.9422
    1009       1.8135
    1010       1.9742
    1011       1.9449
    1012       1.8831
    1013       1.8322
    1014       1.9153
    1015       2.0052
    1016       1.8563
    1017       1.7704
    1018       1.8313
    1019       1.7329
    1020       1.7546
    1021       1.8095
    1022       1.7931
    1023       1.7854
    1024       1.8674
    1025       1.8208
    1026       1.7424
    1027       1.7170
    1028       1.7841
    1029       1.7838
    1030       1.8499
    1031       1.7955
    1032       1.8515
    1033       1.8182
    1034       1.8828
    1035       1.7635
    1036       1.8609
    1037       1.7530
    1038       1.8785
    1039       1.7946
    1040       1.8362
    1041       1.8825
    1042       1.7264
    1043       1.8021
    1044       1.8079
    1045       1.9153
    1046       1.9205
    1047       1.9704
    1048       1.9102
    1049       1.8793
    1050       1.8188
    1051       1.8859
    1052       1.9812
    1053       1.8286
    1054       1.8849
    1055       1.8933
    1056       1.8694
    1057       1.8957
    1058       1.7453
    1059       1.8873
    1060       1.7149
    1061       1.7606
    1062       1.8538
    1063       1.9949
    1064       1.8271
    1065       1.7750
    1066       1.8979
    1067       1.8464
    1068       1.9712
    1069       1.9774
    1070       1.8603
    1071       1.9223
    1072       2.0090
    1073       2.0349
    1074       1.8542
    1075       1.8462
    1076       1.7768
    1077       1.7854
    1078       1.8762
    1079       1.8868
    1080       2.0242
    1081       1.9071
    1082       2.0700
    1083       1.9772
    1084       1.9103
    1085       1.9815
    1086       1.9539
    1087       2.1168
    1088       2.0291
    1089       2.1654
    1090       2.1551
    1091       1.9204
    1092       1.9782
    1093       1.9902
    1094       1.8935
    1095       1.8890
    1096       1.9939
    1097       1.7967
    1098       1.7892
    1099       1.7530
    1100       1.8320
    1101       1.7912
    1102       1.7987
    1103       1.8564
    1104       1.6879
    1105       1.7316
    1106       1.7716
    1107       1.8065
    1108       1.8629
    1109       1.7872
    1110       1.8419
    1111       1.8626
    1112       1.8589
    1113       1.8956
    1114       1.9551
    1115       1.8652
    1116       1.8919
    1117       1.8491
    1118       1.8736
    1119       1.8215
    1120       1.7468
    1121       1.7631
    1122       1.8720
    1123       1.7030
    1124       1.8196
    1125       1.7475
    1126       1.7811
    1127       1.8377
    1128       1.8022
    1129       1.8460
    1130       1.8085
    1131       1.8933
    1132       1.8282
    1133       1.8498
    1134       1.8832
    1135       1.8275
    1136       1.8210
    1137       1.8395
    1138       1.7264
    1139       1.7444
    1140       1.8098
    1141       1.8967
    1142       1.8261
    1143       2.0250
    1144       1.8083
    1145       1.9392
    1146       1.8882
    1147       1.8230
    1148       1.8491
    1149       1.7092
    1150       1.7808
    1151       1.7247
    1152       1.7039
    1153       1.8428
    1154       1.6716
    1155       1.7888
    1156       1.7477
    1157       1.7344
    1158       1.7066
    1159       1.7340
    1160       1.7805
    1161       1.8309
    1162       1.8108
    1163       1.7435
    1164       1.8876
    1165       1.8436
    1166       1.8958
    1167       1.8074
    1168       1.7489
    1169       1.8358
    1170       1.7809
    1171       1.8824
    1172       2.0075
    1173       1.8696
    1174       1.8828
    1175       1.9230
    1176       1.8693
    1177       1.7453
    1178       1.7805
    1179       1.8632
    1180       1.7640
    1181       1.8873
    1182       1.8664
    1183       1.7880
    1184       1.8362
    1185       1.8269
    1186       1.8545
    1187       1.9480
    1188       1.7856
    1189       1.8648
    1190       1.7365
    1191       1.8276
    1192       1.8086
    1193       1.8093
    1194       1.9167
    1195       1.8307
    1196       1.7008
    1197       1.8417
    1198       1.8875
    1199       1.9608
    1200       1.8606
    1201       1.9218
    1202       1.8833
    1203       1.8830
    1204       1.9247
    1205       1.9343
    1206       1.9226
    1207       1.8677
    1208       1.8342
    1209       1.9775
    1210       1.8663
    1211       1.8426
    1212       1.8944
    1213       1.9033
    1214       1.8791
    1215       1.9113
    1216       1.9131
    1217       1.8628
    1218       1.8672
    1219       1.8057
    1220       1.8251
    1221       1.8462
    1222       1.7932
    1223       1.8600
    1224       1.8825
    1225       1.8955
    1226       1.8958
    1227       1.9287
    1228       1.9481
    1229       1.7678
    1230       1.7637
    1231       1.6936
    1232       1.7625
    1233       1.7678
    1234       1.7673
    1235       1.8030
    1236       1.8263
    1237       1.7573
    1238       1.6770
    1239       1.7126
    1240       1.7101
    1241       1.7218
    1242       1.7834
    1243       1.6926
    1244       1.7537
    1245       1.7572
    1246       1.7757
    1247       1.7647
    1248       1.8440
    1249       1.8042
    1250       1.8439
    1251       1.7910
    1252       1.9016
    1253       1.8037
    1254       1.8600
    1255       1.8444
    1256       1.8242
    1257       1.8028
    1258       1.8497
    1259       1.8790
    1260       1.8630
    1261       1.8425
    1262       1.8382
    1263       1.7531
    1264       1.8477
    1265       1.9665
    1266       1.8476
    1267       1.8228
    1268       1.7992
    1269       1.8083
    1270       1.8439
    1271       1.7651
    1272       1.8122
    1273       1.8235
    1274       1.8900
    1275       1.7773
    1276       1.7841
    1277       1.6669
    1278       1.8319
    1279       1.7841
    1280       1.7903
    1281       1.8443
    1282       1.8158
    1283       1.8287
    1284       1.7983
    1285       1.8229
    1286       1.9752
    1287       1.8538
    1288       1.8406
    1289       1.9860
    1290       1.7643
    1291       1.8618
    1292       1.8969
    1293       1.8951
    1294       1.9590
    1295       1.9308
    1296       1.8279
    1297       1.8554
    1298       1.8397
    1299       1.9321
    1300       1.7823
    1301       1.9647
    1302       1.7680
    1303       1.8166
    1304       1.7887
    1305       1.7692
    1306       1.7904
    1307       1.8648
    1308       1.8308
    1309       1.9161
    1310       1.8291
    1311       1.8530
    1312       1.7834
    1313       1.8006
    1314       1.8112
    1315       1.7912
    1316       1.8395
    1317       1.8816
    1318       1.7170
    1319       1.7812
    1320       1.7944
    1321       1.8172
    1322       1.7510
    1323       1.7247
    1324       1.8021
    1325       1.7838
    1326       1.7725
    1327       1.8114
    1328       1.7142
    1329       1.8249
    1330       1.8175
    1331       1.7388
    1332       1.8449
    1333       1.8563
    1334       1.6775
    1335       1.7759
    1336       1.7790
    1337       1.7606
    1338       1.7568
    1339       1.8617
    1340       1.8531
    1341       1.8324
    1342       1.9062
    1343       1.8269
    1344       1.8431
    1345       1.8508
    1346       1.8497
    1347       1.7964
    1348       1.8246
    1349       1.9153
    1350       1.7024
    1351       1.6906
    1352       1.8593
    1353       1.7984
    1354       1.7634
    1355       1.7970
    1356       1.8254
    1357       1.9192
    1358       1.8772
    1359       1.7893
    1360       1.7668
    1361       1.8402
    1362       1.7799
    1363       1.7512
    1364       1.8287
    1365       1.8259
    1366       1.7796
    1367       1.8520
    1368       1.7704
    1369       1.8361
    1370       1.7566
    1371       1.8388
    1372       1.8389
    1373       1.8447
    1374       1.7926
    1375       1.8511
    1376       1.9165
    1377       1.8205
    1378       1.7580
    1379       1.7543
    1380       1.8465
    1381       1.7615
    1382       1.7859
    1383       1.8481
    1384       1.8156
    1385       1.8581
    1386       1.7668
    1387       1.8326
    1388       1.8815
    1389       1.8467
    1390       1.8195
    1391       1.7406
    1392       1.7184
    1393       1.7201
    1394       1.7215
    1395       1.7108
    1396       1.8028
    1397       1.7981
    1398       1.7965
    1399       1.7052
    1400       1.8235
    1401       1.8097
    1402       1.6941
    1403       1.6856
    1404       1.7905
    1405       1.8147
    1406       1.7577
    1407       1.7737
    1408       1.7767
    1409       1.7591
    1410       1.8644
    1411       1.8530
    1412       1.8738
    1413       1.8165
    1414       1.7795
    1415       1.8135
    1416       1.7756
    1417       1.8473
    1418       1.7066
    1419       1.6766
    1420       1.7969
    1421       1.7497
    1422       1.8479
    1423       1.8920
    1424       1.8496
    1425       1.9329
    1426       1.8200
    1427       1.8240
    1428       1.8760
    1429       1.8264
    1430       1.8195
    1431       1.8756
    1432       1.8154
    1433       1.8394
    1434       1.8007
    1435       1.8847
    1436       1.7625
    1437       1.7878
    1438       1.8142
    1439       1.8349
    1440       1.8717
    1441       1.8017
    1442       1.8894
    1443       1.8116
    1444       1.7998
    1445       1.7299
    1446       1.8317
    1447       1.8125
    1448       1.8390
    1449       1.7380
    1450       1.8909
    1451       1.7832
    1452       1.8224
    1453       1.8325
    1454       1.8068
    1455       1.8122
    1456       1.7609
    1457       1.8697
    1458       1.8093
    1459       1.7933
    1460       1.8510
    1461       1.9032
    1462       1.9081
    1463       1.8688
    1464       1.7511
    1465       1.8571
    1466       1.8961
    1467       1.9001
    1468       1.9247
    1469       1.8670
    1470       1.7249
    1471       1.8027
    1472       1.8009
    1473       1.7897
    1474       1.7985
    1475       1.7823
    1476       1.7569
    1477       1.7875
    1478       1.9032
    1479       1.7705
    1480       1.8182
    1481       1.7463
    1482       1.8127
    1483       1.8371
    1484       1.7776
    1485       1.7956
    1486       1.9035
    1487       1.7460
    1488       1.8640
    1489       1.8409
    1490       1.8972
    1491       1.8698
    1492       1.8387
    1493       1.8170
    1494       1.7958
    1495       1.8468
    1496       1.8444
    1497       1.8274
    1498       1.8451
    1499       1.8100
    1500       1.7619
    1501       1.7979
    1502       1.7502
    1503       1.7668
    1504       1.7162
    1505       1.8053
    1506       1.7273
    1507       1.6833
    1508       1.7195
    1509       1.7615
    1510       1.7911
    1511       1.8212
    1512       1.7222
    1513       1.7528
    1514       1.7594
    1515       1.7472
    1516       1.7387
    1517       1.7203
    1518       1.7216
    1519       1.7238
    1520       1.6959
    1521       1.7446
    1522       1.7601
    1523       1.7276
    1524       1.7870
    1525       1.7021
    1526       1.7100
    1527       1.7924
    1528       1.7814
    1529       1.7870
    1530       1.7916
    1531       1.7450
    1532       1.7644
    1533       1.7740
    1534       1.7323
    1535       1.7753
    1536       1.7945
    1537       1.7770
    1538       1.7870
    1539       1.6847
    1540       1.7458
    1541       1.7160
    1542       1.7491
    1543       1.7708
    1544       1.7014
    1545       1.8320
    1546       1.7053
    1547       1.7796
    1548       1.6925
    1549       1.7696
    1550       1.7103
    1551       1.9046
    1552       1.7978
    1553       1.8467
    1554       1.7611
    1555       1.7431
    1556       1.7201
    1557       1.7616
    1558       1.7194
    1559       1.7466
    1560       1.7981
    1561       1.7372
    1562       1.8298
    1563       1.7535
    1564       1.7708
    1565       1.6940
    1566       1.7279
    1567       1.7424
    1568       1.7483
    1569       1.8122
    1570       1.7697
    1571       1.8023
    1572       1.8259
    1573       1.7299
    1574       1.8086
    1575       1.7554
    1576       1.7504
    1577       1.6746
    1578       1.7199
    1579       1.7469
    1580       1.7921
    1581       1.7409
    1582       1.7046
    1583       1.6936
    1584       1.8040
    1585       1.7205
    1586       1.7844
    1587       1.8422
    1588       1.7903
    1589       1.7578
    1590       1.7565
    1591       1.7407
    1592       1.7421
    1593       1.7610
    1594       1.8400
    1595       1.7997
    1596       1.7954
    1597       1.7616
    1598       1.6987
    1599       1.7134
    1600       1.8168
    1601       1.8108
    1602       1.7593
    1603       1.7256
    1604       1.7598
    1605       1.7723
    1606       1.7114
    1607       1.7632
    1608       1.7312
    1609       1.7376
    1610       1.8757
    1611       1.7433
    1612       1.7977
    1613       1.7774
    1614       1.7638
    1615       1.7617
    1616       1.7174
    1617       1.7142
    1618       1.6999
    1619       1.7535
    1620       1.7422
    1621       1.7412
    1622       1.8721
    1623       1.7699
    1624       1.7729
    1625       1.7917
    1626       1.7164
    1627       1.7198
    1628       1.7336
    1629       1.7690
    1630       1.7409
    1631       1.8232
    1632       1.7623
    1633       1.8379
    1634       1.7919
    1635       1.7713
    1636       1.6537
    1637       1.7617
    1638       1.8539
    1639       1.7605
    1640       1.7884
    1641       1.7771
    1642       1.7483
    1643       1.7845
    1644       1.7311
    1645       1.7429
    1646       1.7411
    1647       1.7837
    1648       1.7092
    1649       1.7665
    1650       1.7107
    1651       1.7696
    1652       1.7168
    1653       1.7223
    1654       1.7167
    1655       1.8742
    1656       1.7289
    1657       1.7583
    1658       1.7747
    1659       1.7994
    1660       1.7215
    1661       1.8028
    1662       1.7871
    1663       1.8012
    1664       1.8045
    1665       1.8064
    1666       1.8191
    1667       1.8489
    1668       1.7993
    1669       1.8797
    1670       1.7926
    1671       1.8399
    1672       1.8006
    1673       1.7667
    1674       1.8247
    1675       1.7528
    1676       1.7820
    1677       1.8122
    1678       1.8578
    1679       1.8561
    1680       1.8099
    1681       1.8855
    1682       1.8949
    1683       1.8294
    1684       1.8038
    1685       1.8142
    1686       1.8449
    1687       1.8628
    1688       1.7588
    1689       1.7372
    1690       1.8607
    1691       1.8042
    1692       1.7221
    1693       1.8048
    1694       1.8134
    1695       1.7537
    1696       1.7810
    1697       1.7677
    1698       1.7547
    1699       1.7589
    1700       1.8048
    1701       1.7485
    1702       1.7191
    1703       1.7402
    1704       1.8040
    1705       1.7869
    1706       1.8218
    1707       1.8657
    1708       1.8341
    1709       1.8191
    1710       1.8667
    1711       1.8029
    1712       1.8713
    1713       1.8322
    1714       1.8205
    1715       1.7917
    1716       1.8090
    1717       1.8580
    1718       1.7762
    1719       1.7836
    1720       1.8624
    1721       1.8786
    1722       1.7352
    1723       1.7941
    1724       1.7472
    1725       1.7695
    1726       1.7607
    1727       1.7731
    1728       1.7185
    1729       1.7501
    1730       1.7515
    1731       1.7992
    1732       1.7594
    1733       1.7582
    1734       1.7809
    1735       1.8839
    1736       1.7898
    1737       1.8553
    1738       1.8716
    1739       1.7750
    1740       1.8393
    1741       1.7753
    1742       1.8327
    1743       1.7335
    1744       1.7536
    1745       1.6785
    1746       1.7988
    1747       1.7295
    1748       1.7755
    1749       1.7690
    1750       1.7908
    1751       1.8256
    1752       1.8069
    1753       1.7725
    1754       1.8472
    1755       1.8313
    1756       1.8153
    1757       1.8818
    1758       1.8620
    1759       1.8320
    1760       1.8321
    1761       1.7542
    1762       1.8614
    1763       1.9156
    1764       1.8627
    1765       1.8710
    1766       1.9541
    1767       1.8118
    1768       1.9697
    1769       1.7999
    1770       1.8127
    1771       1.8003
    1772       1.7331
    1773       1.8119
    1774       1.7620
    1775       1.8045
    1776       1.7378
    1777       1.7878
    1778       1.8779
    1779       1.7916
    1780       1.7486
    1781       1.7728
    1782       1.8482
    1783       1.7754
    1784       1.8010
    1785       1.7432
    1786       1.8031
    1787       1.7507
    1788       1.7847
    1789       1.7736
    1790       1.7801
    1791       1.8218
    1792       1.6803
    1793       1.7673
    1794       1.8676
    1795       1.9009
    1796       1.7918
    1797       1.7817
    1798       1.8074
    1799       1.7929
    1800       1.7906
    1801       1.8421
    1802       1.8503
    1803       1.7862
    1804       1.8324
    1805       1.8076
    1806       1.7994
    1807       1.8303
    1808       1.8178
    1809       2.0344
    1810       1.9511
    1811       1.7915
    1812       1.7657
    1813       1.8172
    1814       1.7987
    1815       1.8582
    1816       1.8039
    1817       1.8441
    1818       1.8830
    1819       1.8096
    1820       1.8444
    1821       1.8038
    1822       1.7803
    1823       1.7331
    1824       1.7372
    1825       1.7643
    1826       1.8183
    1827       1.8192
    1828       1.8200
    1829       1.8204
    1830       1.8134
    1831       1.7228
    1832       1.7885
    1833       1.8035
    1834       1.9265
    1835       1.8157
    1836       1.7705
    1837       1.8068
    1838       1.7169
    1839       1.8014
    1840       1.7756
    1841       1.7397
    1842       1.7890
    1843       1.7827
    1844       1.8090
    1845       1.8161
    1846       1.7443
    1847       1.8895
    1848       1.8409
    1849       1.8741
    1850       1.7631
    1851       1.7905
    1852       1.7680
    1853       1.8682
    1854       1.8916
    1855       1.8721
    1856       1.8247
    1857       1.8395
    1858       1.8314
    1859       1.7964
    1860       1.7648
    1861       1.8614
    1862       1.8187
    1863       1.7828
    1864       1.7167
    1865       1.7350
    1866       1.8083
    1867       1.8334
    1868       1.8315
    1869       1.8877
    1870       1.7937
    1871       1.8526
    1872       1.7930
    1873       1.7488
    1874       1.6847
    1875       1.8171
    1876       1.7260
    1877       1.6317
    1878       1.7067
    1879       1.7537
    1880       1.7498
    1881       1.7779
    1882       1.7341
    1883       1.7190
    1884       1.7753
    1885       1.7685
    1886       1.9070
    1887       1.7444
    1888       1.8759
    1889       1.8728
    1890       1.7763
    1891       1.8119
    1892       1.8433
    1893       1.9175
    1894       1.9409
    1895       1.8779
    1896       1.8063
    1897       1.8395
    1898       1.7960
    1899       1.7288
    1900       1.7747
    1901       1.7846
    1902       1.8743
    1903       1.7216
    1904       1.8324
    1905       1.7987
    1906       1.7828
    1907       1.7058
    1908       1.7949
    1909       1.7966
    1910       1.7318
    1911       1.7777
    1912       1.8007
    1913       1.8946
    1914       1.8826
    1915       1.8215
    1916       1.8378
    1917       1.9336
    1918       1.8015
    1919       1.8309
    1920       1.7712
    1921       1.8421
    1922       1.7850
    1923       1.7808
    1924       1.8760
    1925       1.8155
    1926       1.8623
    1927       1.8279
    1928       1.8489
    1929       1.7761
    1930       1.7799
    1931       1.7765
    1932       1.7712
    1933       1.7890
    1934       1.7395
    1935       1.9350
    1936       1.8706
    1937       1.8325
    1938       1.8575
    1939       1.8808
    1940       1.8599
    1941       1.8274
    1942       1.8995
    1943       1.8512
    1944       1.9617
    1945       1.9331
    1946       1.9197
    1947       1.9261
    1948       1.8384
    1949       1.9754
    1950       1.9167
    1951       1.9872
    1952       1.8773
    1953       1.9047
    1954       1.8735
    1955       1.8695
    1956       1.7938
    1957       1.8495
    1958       1.8922
    1959       1.8889
    1960       1.8851
    1961       1.9214
    1962       1.9425
    1963       1.8334
    1964       1.9284
    1965       1.8398
    1966       1.8685
    1967       1.9647
    1968       1.8870
    1969       1.9343
    1970       1.9109
    1971       1.9309
    1972       1.8766
    1973       1.9241
    1974       1.9128
    1975       1.9298
    1976       1.9811
    1977       1.8090
    1978       1.9559
    1979       1.7494
    1980       1.9183
    1981       1.8660
    1982       1.9806
    1983       1.9166
    1984       1.9402
    1985       1.8944
    1986       1.8964
    1987       1.9889
    1988       1.8967
    1989       1.8009
    1990       1.8615
    1991       1.8155
    1992       1.8611
    1993       1.8859
    1994       1.8346
    1995       1.7927
    1996       1.7883
    1997       1.8116
    1998       1.8438
    1999       1.8766
    2000       1.8442
    2001       1.9049
    2002       1.9209
    2003       1.7715
    2004       1.9200
    2005       1.8995
    2006       1.8747
    2007       1.8359
    2008       1.8703
    2009       1.8829
    2010       1.8448
    2011       1.8448
    2012       1.8511
    2013       1.7972
    2014       1.8758
    2015       1.9820
    2016       1.9871
    2017       1.9979
    2018       2.0372
    2019       1.9006
    2020       1.9392
    2021       1.9809
    2022       2.0081
    2023       1.8981
    2024       2.0108
    2025       2.0199
    2026       1.9565
    2027       1.9956
    2028       2.1080
    2029       1.8965
    2030       1.9468
    2031       1.9468
    2032       1.9188
    2033       1.8976
    2034       1.9182
    2035       1.9084
    2036       1.9302
    2037       1.9075
    2038       1.8889
    2039       1.8604
    2040       1.8434
    2041       1.8695
    2042       1.8586
    2043       1.8281
    2044       1.8891
    2045       1.9240
    2046       1.8709
    2047       1.9005
    2048       1.9033
    2049       1.8261
    2050       1.8684
    2051       1.8929
    2052       1.9138
    2053       1.9975
    2054       1.9313
    2055       1.8239
    2056       1.8383
    2057       1.8607
    2058       1.8829
    2059       1.9989
    2060       1.9370
    2061       1.9987
    2062       1.9880
    2063       1.9231
    2064       1.9233
    2065       1.9313
    2066       1.8728
    2067       1.9410
    2068       1.8473
    2069       1.8478
    2070       1.8197
    2071       1.8370
    2072       2.0040
    2073       1.8902
    2074       1.8712
    2075       1.9439
    2076       1.9971
    2077       1.9837
    2078       1.9584
    2079       1.9100
    2080       1.8181
    2081       1.8866
    2082       1.8582
    2083       1.8502
    2084       1.8308
    2085       1.8712
    2086       1.7869
    2087       1.8732
    2088       1.8234
    2089       1.8018
    2090       1.8511
    2091       1.8338
    2092       1.8696
    2093       1.8439
    2094       1.8446
    2095       1.8600
    2096       1.7786
    2097       1.8339
    2098       1.9304
    2099       1.8753
    2100       1.8805
    2101       1.9214
    2102       1.8076
    2103       1.9589
    2104       1.8431
    2105       1.9265
    2106       1.8922
    2107       1.9643
    2108       1.9233
    2109       1.9659
    2110       1.8971
    2111       1.9971
    2112       1.8490
    2113       1.8848
    2114       1.8674
    2115       1.8607
    2116       1.8634
    2117       1.8934
    2118       1.9425
    2119       1.9264
    2120       1.9367
    2121       1.9031
    2122       1.8935
    2123       1.9286
    2124       1.9985
    2125       2.0362
    2126       2.1020
    2127       1.9887
    2128       1.9127
    2129       2.0383
    2130       1.8583
    2131       1.9067
    2132       1.8805
    2133       1.8752
    2134       1.9214
    2135       1.8644
    2136       1.9072
    2137       1.8484
    2138       1.9384
    2139       1.8766
    2140       1.9690
    2141       1.8401
    2142       1.9018
    2143       1.8208
    2144       1.9187
    2145       1.8243
    2146       1.9397
    2147       1.8624
    2148       1.8951
    2149       1.8298
    2150       1.8116
    2151       1.7467
    2152       1.9018
    2153       1.8394
    2154       1.8613
    2155       1.8366
    2156       1.8755
    2157       1.8046
    2158       1.8703
    2159       1.8610
    2160       1.9297
    2161       1.8553
    2162       1.8734
    2163       1.8704
    2164       1.8566
    2165       1.8095
    2166       1.9293
    2167       1.8300
    2168       1.8051
    2169       1.7685
    2170       1.8114
    2171       1.7830
    2172       1.9127
    2173       1.8089
    2174       1.7854
    2175       1.8358
    2176       1.8382
    2177       1.8333
    2178       1.8126
    2179       1.8446
    2180       1.7963
    2181       1.8044
    2182       1.8205
    2183       1.8362
    2184       1.8473
    2185       1.7352
    2186       1.8309
    2187       1.8062
    2188       1.8066
    2189       1.8240
    2190       1.8210
    2191       1.8444
    2192       1.8124
    2193       1.8456
    2194       1.8017
    2195       1.8645
    2196       1.8474
    2197       1.8827
    2198       2.0034
    2199       1.9419
    2200       1.9238
    2201       1.8436
    2202       1.8187
    2203       1.8809
    2204       1.8981
    2205       1.8946
    2206       1.8742
    2207       1.9711
    2208       1.8492
    2209       1.8804
    2210       1.8986
    2211       1.9044
    2212       1.9328
    2213       1.9691
    2214       1.8644
    2215       1.9443
    2216       1.9361
    2217       1.8711
    2218       1.8917
    2219       1.9225
    2220       1.8631
    2221       1.7929
    2222       1.7871
    2223       1.8783
    2224       1.9322
    2225       1.8715
    2226       1.8648
    2227       1.8489
    2228       1.7829
    2229       1.8447
    2230       1.7886
    2231       1.9252
    2232       1.8934
    2233       1.8494
    2234       1.9254
    2235       1.8755
    2236       1.8167
    2237       1.7899
    2238       1.8254
    2239       1.8947
    2240       1.8154
    2241       1.8182
    2242       1.8744
    2243       1.9158
    2244       1.8350
    2245       1.8736
    2246       1.8554
    2247       1.9032
    2248       1.8712
    2249       1.8724
    2250       1.7980
    2251       1.8575
    2252       1.8060
    2253       1.8659
    2254       1.9301
    2255       1.9083
    2256       1.8224
    2257       1.7898
    2258       1.9006
    2259       1.8345
    2260       1.7970
    2261       1.8060
    2262       1.8766
    2263       1.8184
    2264       1.8145
    2265       1.7850
    2266       1.8442
    2267       1.9816
    2268       2.0102
    2269       1.8308
    2270       1.9261
    2271       1.8738
    2272       1.8283
    2273       1.8682
    2274       1.8013
    2275       1.7627
    2276       1.8491
    2277       1.8473
    2278       1.8419
    2279       1.7903
    2280       1.9006
    2281       1.8813
    2282       1.8639
    2283       1.7909
    2284       1.8347
    2285       1.8566
    2286       1.7938
    2287       1.7977
    2288       1.8706
    2289       1.8553
    2290       1.8462
    2291       1.9507
    2292       1.9357
    2293       1.8642
    2294       1.8912
    2295       1.8356
    2296       1.8399
    2297       1.7987
    2298       1.8171
    2299       1.7695
    2300       1.8245
    2301       1.7932
    2302       1.9055
    2303       1.9058
    2304       1.8667
    2305       1.8651
    2306       1.8873
    2307       1.8183
    2308       1.8401
    2309       1.8457
    2310       1.8714
    2311       1.8943
    2312       1.9711
    2313       1.8264
    2314       1.8664
    2315       1.7492
    2316       1.8290
    2317       1.8732
    2318       1.8775
    2319       1.8858
    2320       1.8292
    2321       1.8600
    2322       1.9332
    2323       1.9171
    2324       1.8265
    2325       1.8302
    2326       1.7461
    2327       1.8620
    2328       1.7997
    2329       1.8021
    2330       1.8384
    2331       1.7581
    2332       1.7703
    2333       1.8145
    2334       1.8525
    2335       1.8279
    2336       1.8818
    2337       1.7975
    2338       1.8449
    2339       1.8140
    2340       1.8577
    2341       1.8526
    2342       1.8235
    2343       1.9078
    2344       1.8482
    2345       1.7464
    2346       1.8747
    2347       1.8323
    2348       1.7778
    2349       1.8769
    2350       1.8687
    2351       1.8255
    2352       1.8843
    2353       2.0012
    2354       1.8415
    2355       1.8394
    2356       1.9144
    2357       1.8767
    2358       1.7836
    2359       1.8419
    2360       1.8937
    2361       2.1077
    2362       1.9586
    2363       1.9812
    2364       1.9265
    2365       2.0053
    2366       2.0713
    2367       1.9887
    2368       2.0073
    2369       2.1106
    2370       1.9868
    2371       1.9710
    2372       1.9520
    2373       1.9327
    2374       1.9135
    2375       1.9266
    2376       1.9048
    2377       1.8522
    2378       1.8687
    2379       1.8320
    2380       1.9398
    2381       1.8386
    2382       1.8727
    2383       1.9462
    2384       1.9320
    2385       1.8884
    2386       1.8278
    2387       1.9674
    2388       1.9269
    2389       1.9474
    2390       1.8986
    2391       1.8337
    2392       1.8991
    2393       1.9604
    2394       1.9340
    2395       2.0064
    2396       2.0072
    2397       1.8306
    2398       1.8604
    2399       1.9388
    2400       1.8906
    2401       1.9367
    2402       1.9575
    2403       1.9080
    2404       1.8862
    2405       1.9651
    2406       1.8467
    2407       1.8427
    2408       1.9129
    2409       1.9021
    2410       1.9514
    2411       1.9862
    2412       1.8551
    2413       1.9379
    2414       1.9458
    2415       2.0026
    2416       1.9326
    2417       1.8409
    2418       1.8992
    2419       1.9216
    2420       1.9088
    2421       1.9382
    2422       1.9398
    2423       1.8994
    2424       1.8673
    2425       1.8121
    2426       1.8649
    2427       1.7546
    2428       1.8458
    2429       1.8377
    2430       1.8095
    2431       1.8016
    2432       1.9901
    2433       1.8930
    2434       1.8289
    2435       1.8666
    2436       1.8903
    2437       1.8154
    2438       1.7680
    2439       1.8613
    2440       1.8621
    2441       1.9125
    2442       1.8509
    2443       1.8555
    2444       1.8587
    2445       1.8533
    2446       1.9383
    2447       1.9190
    2448       1.8688
    2449       1.8871
    2450       1.8553
    2451       1.8251
    2452       1.7791
    2453       1.8637
    2454       1.8638
    2455       1.9132
    2456       1.8853
    2457       1.9353
    2458       1.8594
    2459       1.8716
    2460       1.8060
    2461       1.8929
    2462       1.9659
    2463       1.8289
    2464       1.9233
    2465       1.7976
    2466       1.8812
    2467       1.8809
    2468       1.9213
    2469       1.9104
    2470       1.9709
    2471       1.9586
    2472       1.9527
    2473       1.9524
    2474       1.8756
    2475       1.9272
    2476       1.9790
    2477       1.9545
    2478       1.9427
    2479       1.9254
    2480       1.8974
    2481       2.0045
    2482       1.8837
    2483       2.0039
    2484       1.9183
    2485       1.9148
    2486       1.9333
    2487       1.9082
    2488       1.9163
    2489       1.9220
    2490       1.9531
    2491       1.8933
    2492       1.9229
    2493       1.9398
    2494       2.0988
    2495       2.0940
    2496       1.8713
    2497       1.8368
    2498       1.8535
    2499       1.8389
    2500       1.7615
    2501       1.7304
    2502       1.8103
    2503       1.8224
    2504       1.7993
    2505       1.7791
    2506       1.8551
    2507       1.7707
    2508       1.7690
    2509       1.8462
    2510       1.7257
    2511       1.7075
    2512       1.7166
    2513       1.7935
    2514       1.7501
    2515       1.7561
    2516       1.8324
    2517       1.7422
    2518       1.8672
    2519       1.8056
    2520       1.8742
    2521       1.8284
    2522       1.8875
    2523       1.8774
    2524       1.8701
    2525       1.9360
    2526       1.8846
    2527       2.0933
    2528       1.9150
    2529       1.9526
    2530       1.8276
    2531       2.0422
    2532       1.8432
    2533       1.9102
    2534       1.8735
    2535       1.8436
    2536       1.9823
    2537       2.0321
    2538       1.9867
    2539       1.9722
    2540       2.1283
    2541       2.1334
    2542       1.8834
    2543       2.0974
    2544       1.9995
    2545       1.9697
    2546       2.0908
    2547       2.0486
    2548       2.0066
    2549       1.9235
    2550       2.0651
    2551       1.9852
    2552       2.0713
    2553       1.9939
    2554       2.0339
    2555       1.8296
    2556       1.9277
    2557       1.8833
    2558       2.0056
    2559       1.8849
    2560       1.8656
    2561       1.9313
    2562       2.0057
    2563       1.9621
    2564       2.0835
    2565       2.0584
    2566       1.9856
    2567       2.0334
    2568       2.1314
    2569       2.1123
    2570       1.9200
    2571       2.0201
    2572       2.0465
    2573       2.0776
    2574       2.0847
    2575       1.9801
    2576       2.0819
    2577       1.8436
    2578       1.8592
    2579       1.8457
    2580       1.9017
    2581       1.8708
    2582       1.8362
    2583       1.8634
    2584       1.9098
    2585       1.8422
    2586       1.8057
    2587       1.8757
    2588       1.7522
    2589       1.8177
    2590       1.8094
    2591       1.7826
    2592       1.7753
    2593       1.7670
    2594       1.7893
    2595       1.8861
    2596       1.8437
    2597       1.8376
    2598       1.8669
    2599       1.7382
    2600       1.8532
    2601       1.8222
    2602       1.8096
    2603       1.8133
    2604       1.8345
    2605       1.8799
    2606       1.8556
    2607       1.8872
    2608       2.0294
    2609       1.9743
    2610       1.8690
    2611       1.8403
    2612       1.8210
    2613       1.8100
    2614       1.9360
    2615       1.9157
    2616       2.0487
    2617       1.8330
    2618       1.9307
    2619       1.8426
    2620       1.9741
    2621       1.8613
    2622       1.8897
    2623       1.8571
    2624       2.1395
    2625       1.9361
    2626       1.9344
    2627       2.0247
    2628       1.9478
    2629       1.7994
    2630       1.9938
    2631       1.9438
    2632       1.9039
    2633       1.7748
    2634       1.9123
    2635       1.8858
    2636       1.8145
    2637       1.7989
    2638       1.9097
    2639       1.7591
    2640       1.9362
    2641       1.9070
    2642       1.9396
    2643       1.8739
    2644       2.0102
    2645       1.9429
    2646       1.8778
    2647       1.9564
    2648       1.8947
    2649       1.7799
    2650       1.7715
    2651       1.8199
    2652       1.8044
    2653       1.8724
    2654       1.9333
    2655       1.7476
    2656       1.9092
    2657       1.8304
    2658       1.8748
    2659       1.8244
    2660       1.9158
    2661       1.9677
    2662       1.9215
    2663       1.8858
    2664       1.8207
    2665       1.9098
    2666       1.8961
    2667       1.9270
    2668       2.0723
    2669       1.9205
    2670       1.8479
    2671       2.0400
    2672       1.9114
    2673       1.8455
    2674       1.9113
    2675       1.8894
    2676       1.8736
    2677       1.8255
    2678       2.0280
    2679       1.9185
    2680       1.8667
    2681       1.8117
    2682       1.8092
    2683       1.8283
    2684       1.9637
    2685       1.7866
    2686       1.7562
    2687       1.9366
    2688       1.8697
    2689       1.9520
    2690       1.9112
    2691       1.9508
    2692       1.8690
    2693       1.9809
    2694       1.8826
    2695       1.9052
    2696       2.0043
    2697       1.9909
    2698       1.7904
    2699       1.8467
    2700       1.9080
    2701       1.8446
    2702       1.9293
    2703       1.9180
    2704       1.8914
    2705       1.8338
    2706       1.7777
    2707       1.9036
    2708       1.9009
    2709       1.8299
    2710       1.7890
    2711       1.7882
    2712       1.8634
    2713       1.8110
    2714       2.0262
    2715       1.8351
    2716       1.8404
    2717       1.7776
    2718       1.8724
    2719       1.9252
    2720       1.9190
    2721       1.8999
    2722       1.7469
    2723       1.8703
    2724       1.8750
    2725       1.6661
    2726       1.8203
    2727       1.8880
    2728       1.8818
    2729       1.8055
    2730       1.8103
    2731       1.7400
    2732       1.7949
    2733       1.7626
    2734       1.8061
    2735       1.8487
    2736       1.9501
    2737       1.9451
    2738       1.9281
    2739       1.7270
    2740       1.9236
    2741       1.7798
    2742       1.7687
    2743       1.7924
    2744       1.7922
    2745       1.7930
    2746       1.7473
    2747       1.7553
    2748       1.7468
    2749       1.8687
    2750       1.7828
    2751       1.7600
    2752       1.7608
    2753       1.8312
    2754       1.8010
    2755       1.8975
    2756       1.9079
    2757       1.8516
    2758       1.8557
    2759       1.8937
    2760       1.8938
    2761       1.9693
    2762       1.7499
    2763       1.9873
    2764       1.7785
    2765       1.7270
    2766       1.7471
    2767       1.7679
    2768       1.7298
    2769       1.7673
    2770       1.8207
    2771       1.8874
    2772       1.8023
    2773       1.9983
    2774       1.9413
    2775       1.8346
    2776       1.8391
    2777       1.7675
    2778       1.8272
    2779       1.9278
    2780       1.9982
    2781       1.8303
    2782       1.8418
    2783       1.7944
    2784       1.7869
    2785       1.7704
    2786       1.8998
    2787       2.0037
    2788       1.7373
    2789       1.7578
    2790       1.9345
    2791       1.9363
    2792       1.8561
    2793       1.8031
    2794       1.8750
    2795       1.8484
    2796       1.7277
    2797       1.9402
    2798       1.7892
    2799       1.8086
    2800       1.8547
    2801       1.9013
    2802       1.8981
    2803       1.7805
    2804       1.9677
    2805       1.9195
    2806       1.9213
    2807       1.8846
    2808       1.9517
    2809       1.8390
    2810       1.9092
    2811       1.7773
    2812       1.8211
    2813       1.8376
    2814       1.9816
    2815       1.8685
    2816       1.8231
    2817       1.8667
    2818       1.9185
    2819       1.9635
    2820       1.8685
    2821       1.8893
    2822       1.8243
    2823       1.8662
    2824       1.7479
    2825       1.8282
    2826       1.8742
    2827       1.7979
    2828       1.9232
    2829       1.8976
    2830       1.8786
    2831       1.9292
    2832       1.9751
    2833       1.9194
    2834       1.8355
    2835       1.8526
    2836       1.8369
    2837       1.8505
    2838       1.8787
    2839       1.9958
    2840       1.8389
    2841       1.8737
    2842       1.9307
    2843       2.0340
    2844       1.8909
    2845       1.8750
    2846       1.8878
    2847       1.9630
    2848       1.9874
    2849       2.1499
    2850       1.9707
    2851       1.9139
    2852       1.9074
    2853       1.8846
    2854       1.8206
    2855       1.8745
    2856       1.9750
    2857       1.9041
    2858       1.7803
    2859       1.8166
    2860       1.8606
    2861       1.8341
    2862       1.8332
    2863       1.8401
    2864       1.8513
    2865       1.8184
    2866       1.8918
    2867       1.8452
    2868       1.7080
    2869       1.7242
    2870       1.7987
    2871       1.9267
    2872       1.8007
    2873       1.8697
    2874       1.8531
    2875       1.9123
    2876       1.9416
    2877       1.8082
    2878       1.8276
    2879       1.7723
    2880       1.9059
    2881       1.9098
    2882       1.7834
    2883       1.8734
    2884       1.8438
    2885       1.7802
    2886       1.8296
    2887       1.7943
    2888       1.7971
    2889       1.9052
    2890       1.8167
    2891       1.8371
    2892       1.8581
    2893       1.8726
    2894       1.8239
    2895       1.8173
    2896       1.8551
    2897       1.8423
    2898       1.8076
    2899       1.8972
    2900       1.8252
    2901       1.7503
    2902       1.7267
    2903       1.7174
    2904       1.7883
    2905       1.7845
    2906       1.8816
    2907       1.8245
    2908       1.8250
    2909       1.9306
    2910       1.7992
    2911       1.7868
    2912       1.8229
    2913       1.8361
    2914       1.8576
    2915       1.7862
    2916       1.7830
    2917       1.8163
    2918       1.7696
    2919       1.8274
    2920       1.8368
    2921       1.8906
    2922       1.8199
    2923       1.8164
    2924       1.7850
    2925       1.8345
    2926       1.8375
    2927       1.9403
    2928       1.8323
    2929       1.8423
    2930       1.8414
    2931       1.8453
    2932       1.7767
    2933       1.8276
    2934       1.9130
    2935       1.8519
    2936       1.8385
    2937       1.8133
    2938       1.8328
    2939       1.7825
    2940       1.8383
    2941       1.8204
    2942       1.7807
    2943       1.8886
    2944       1.7474
    2945       1.8323
    2946       1.8644
    2947       1.8777
    2948       1.8585
    2949       1.7811
    2950       1.7761
    2951       1.8310
    2952       1.7444
    2953       1.8013
    2954       1.8391
    2955       1.7425
    2956       1.8256
    2957       1.8266
    2958       1.7496
    2959       1.8321
    2960       1.8680
    2961       1.8311
    2962       1.8152
    2963       1.8323
    2964       1.7850
    2965       1.8551
    2966       1.8138
    2967       1.9389
    2968       1.8007
    2969       1.7639
    2970       1.7571
    2971       1.7618
    2972       1.7837
    2973       1.7979
    2974       1.8685
    2975       1.8181
    2976       1.8932
    2977       1.8342
    2978       1.8732
    2979       1.9748
    2980       1.8859
    2981       1.9663
    2982       1.9498
    2983       1.8811
    2984       1.8954
    2985       1.8924
    2986       1.9395
    2987       1.9129
    2988       1.9590
    2989       1.8495
    2990       1.9535
    2991       1.9199
    2992       1.8249
    2993       1.9094
    2994       1.9840
    2995       1.8643
    2996       1.8600
    2997       1.8188
    2998       1.8634
    2999       1.8392
    3000       1.8335
    3001       1.8752
    3002       1.8476
    3003       1.8312
    3004       1.8175
    3005       1.8741
    3006       1.8381
    3007       1.8189
    3008       1.8621
    3009       1.8526
    3010       1.8416
    3011       1.8139
    3012       1.8358
    3013       1.7975
    3014       1.8230
    3015       1.9230
    3016       1.8195
    3017       1.8308
    3018       1.8027
    3019       1.7631
    3020       1.7762
    3021       1.7056
    3022       1.8217
    3023       1.7912
    3024       1.8197
    3025       1.8070
    3026       1.7810
    3027       1.7970
    3028       1.8182
    3029       1.8660
    3030       1.8436
    3031       1.8281
    3032       1.8138
    3033       1.7882
    3034       1.8738
    3035       1.8985
    3036       1.8700
    3037       1.8277
    3038       1.8552
    3039       1.8627
    3040       1.7441
    3041       1.8281
    3042       1.8338
    3043       1.8814
    3044       1.8291
    3045       1.8261
    3046       1.7918
    3047       1.7859
    3048       1.7423
    3049       1.8158
    3050       1.7829
    3051       1.7760
    3052       1.7662
    3053       1.8014
    3054       1.7695
    3055       1.6566
    3056       1.7949
    3057       1.7678
    3058       1.6966
    3059       1.7252
    3060       1.7237
    3061       1.8145
    3062       1.7854
    3063       1.6893
    3064       1.8153
    3065       1.7578
    3066       1.7705
    3067       1.7383
    3068       1.7956
    3069       1.8061
    3070       1.7427
    3071       1.7580
    3072       1.7723
    3073       1.7220
    3074       1.8560
    3075       1.7084
    3076       1.7346
    3077       1.8200
    3078       1.7779
    3079       1.7233
    3080       1.7452
    3081       1.7117
    3082       1.7914
    3083       1.9170
    3084       1.7823
    3085       1.7740
    3086       1.7925
    3087       1.7955
    3088       1.7477
    3089       1.7190
    3090       1.7828
    3091       1.8325
    3092       1.7481
    3093       1.7793
    3094       1.8676
    3095       1.7695
    3096       1.8152
    3097       1.8881
    3098       1.8165
    3099       1.8700
    3100       1.8297
    3101       1.8395
    3102       1.9071
    3103       1.8523
    3104       1.8055
    3105       1.7946
    3106       1.8406
    3107       1.8042
    3108       1.8525
    3109       1.9087
    3110       1.8419
    3111       1.8263
    3112       1.7969
    3113       1.8289
    3114       1.8592
    3115       1.7917
    3116       1.8886
    3117       1.8953
    3118       1.8654
    3119       1.8835
    3120       1.9302
    3121       1.8685
    3122       1.8355
    3123       1.8600
    3124       1.8531
    3125       1.8814
    3126       2.0065
    3127       1.8202
    3128       1.8294
    3129       1.8355
    3130       1.8260
    3131       1.7966
    3132       1.7974
    3133       1.8310
    3134       1.7607
    3135       1.8261
    3136       1.8259
    3137       1.7572
    3138       1.9187
    3139       1.8914
    3140       1.8869
    3141       1.9691
    3142       1.9384
    3143       1.9006
    3144       1.8455
    3145       1.8916
    3146       1.8094
    3147       1.8677
    3148       1.7844
    3149       1.8460
    3150       1.8465
    3151       1.8855
    3152       1.8157
    3153       1.7451
    3154       1.6933
    3155       1.7216
    3156       1.7457
    3157       1.7409
    3158       1.8180
    3159       1.8240
    3160       1.7995
    3161       1.7307
    3162       1.7534
    3163       1.6968
    3164       1.7129
    3165       1.7735
    3166       1.8132
    3167       1.7669
    3168       1.7935
    3169       1.8493
    3170       1.7621
    3171       1.7679
    3172       1.7899
    3173       1.8131
    3174       1.8325
    3175       1.8035
    3176       1.8358
    3177       1.8398
    3178       1.8329
    3179       1.8006
    3180       1.9716
    3181       1.8039
    3182       1.8694
    3183       1.7846
    3184       1.8236
    3185       1.8054
    3186       1.8497
    3187       1.8180
    3188       1.8275
    3189       1.7725
    3190       1.8121
    3191       1.8221
    3192       1.8594
    3193       1.8917
    3194       1.8781
    3195       1.7395
    3196       1.8372
    3197       1.8173
    3198       1.8215
    3199       1.7892
    3200       1.8294
    3201       1.8245
    3202       1.8178
    3203       1.8319
    3204       1.8652
    3205       1.7577
    3206       1.7879
    3207       1.8808
    3208       1.8430
    3209       1.8434
    3210       1.8495
    3211       1.8283
    3212       1.8913
    3213       1.9055
    3214       1.8923
    3215       1.8149
    3216       1.9169
    3217       1.8184
    3218       1.8077
    3219       1.8345
    3220       1.8956
    3221       1.8254
    3222       1.8393
    3223       1.8340
    3224       1.8653
    3225       1.8544
    3226       1.8173
    3227       1.8803
    3228       1.8459
    3229       1.7796
    3230       1.8820
    3231       1.8821
    3232       1.7891
    3233       1.7487
    3234       1.9135
    3235       1.8864
    3236       1.8928
    3237       1.7754
    3238       1.7778
    3239       1.8464
    3240       1.7885
    3241       1.7871
    3242       1.8536
    3243       1.8530
    3244       1.9140
    3245       1.9038
    3246       1.9305
    3247       1.9246
    3248       1.8452
    3249       1.8487
    3250       1.9010
    3251       1.9228
    3252       1.8560
    3253       1.8655
    3254       1.8929
    3255       1.8874
    3256       1.8780
    3257       1.8674
    3258       1.8596
    3259       1.9187
    3260       1.9231
    3261       1.8591
    3262       1.8619
    3263       1.8365
    3264       1.8383
    3265       1.8941
    3266       1.9228
    3267       1.8414
    3268       1.8714
    3269       1.9189
    3270       1.8350
    3271       1.9316
    3272       1.9581
    3273       2.0120
    3274       1.8847
    3275       2.1173
    3276       1.8929
    3277       1.9471
    3278       1.9599
    3279       1.9637
    3280       2.0026
    3281       1.9789
    3282       1.8789
    3283       1.8980
    3284       1.8675
    3285       1.8257
    3286       1.9117
    3287       1.9382
    3288       2.0229
    3289       1.9259
    3290       2.0438
    3291       1.9063
    3292       1.8710
    3293       1.8963
    3294       1.9022
    3295       1.9197
    3296       1.9234
    3297       1.9659
    3298       1.9282
    3299       1.9585
    3300       1.8692
    3301       1.8942
    3302       1.8827
    3303       1.9158
    3304       1.8671
    3305       1.8949
    3306       1.8971
    3307       2.0368
    3308       1.9192
    3309       1.9069
    3310       2.0013
    3311       1.9443
    3312       1.8917
    3313       1.9206
    3314       1.9708
    3315       1.8414
    3316       1.8897
    3317       1.9599
    3318       1.9075
    3319       1.8692
    3320       1.8701
    3321       1.9023
    3322       1.8490
    3323       1.8069
    3324       1.8317
    3325       1.8283
    3326       1.9057
    3327       1.9222
    3328       1.9473
    3329       1.9133
    3330       1.8228
    3331       1.8826
    3332       1.8568
    3333       1.9890
    3334       1.8954
    3335       1.8887
    3336       1.9319
    3337       1.9103
    3338       1.9470
    3339       1.9219
    3340       1.9566
    3341       1.9132
    3342       2.0052
    3343       2.0104
    3344       1.9223
    3345       1.9558
    3346       1.9878
    3347       1.8879
    3348       1.9102
    3349       1.9240
    3350       1.9349
    3351       1.9133
    3352       1.9569
    3353       2.0173
    3354       2.0388
    3355       1.8896
    3356       1.8676
    3357       2.0334
    3358       1.8811
    3359       1.9122
    3360       1.9210
    3361       1.9740
    3362       1.8885
    3363       1.9217
    3364       1.9292
    3365       1.9250
    3366       1.9373
    3367       1.9148
    3368       1.9840
    3369       1.9085
    3370       1.9733
    3371       1.8965
    3372       1.9930
    3373       1.9415
    3374       1.8930
    3375       1.9256
    3376       1.9466
    3377       2.0032
    3378       1.9303
    3379       1.8837
    3380       1.9953
    3381       1.9913
    3382       1.9237
    3383       1.8667
    3384       1.8872
    3385       1.8609
    3386       1.7917
    3387       1.8734
    3388       2.0159
    3389       1.8825
    3390       1.8554
    3391       1.8536
    3392       1.9237
    3393       1.8205
    3394       1.9846
    3395       1.9556
    3396       1.9603
    3397       1.8121
    3398       1.9219
    3399       1.8971
    3400       2.0972
    3401       1.9676
    3402       1.9284
    3403       1.9519
    3404       1.9052
    3405       2.0032
    3406       1.8656
    3407       1.8843
    3408       1.8799
    3409       1.9161
    3410       1.6755
    3411       1.9069
    3412       1.8752
    3413       1.8487
    3414       1.9452
    3415       1.9455
    3416       1.9832
    3417       1.9816
    3418       1.8355
    3419       1.9789
    3420       2.0531
    3421       2.0602
    3422       2.0280
    3423       2.0028
    3424       2.0980
    3425       2.1566
    3426       2.1325
    3427       2.0117
    3428       1.9573
    3429       1.9989
    3430       2.2019
    3431       2.0851
    3432       2.0994
    3433       2.0798
    3434       2.0212
    3435       1.9422
    3436       1.9473
    3437       1.9726
    3438       1.9839
    3439       1.8378
    3440       1.8618
    3441       1.8917
    3442       1.9359
    3443       1.9292
    3444       1.9249
    3445       1.8004
    3446       1.8848
    3447       1.8270
    3448       1.8234
    3449       1.8293
    3450       1.7699
    3451       1.8443
    3452       1.7904
    3453       1.8202
    3454       1.8324
    3455       1.8317
    3456       1.8136
    3457       1.7874
    3458       1.8169
    3459       1.8926
    3460       1.8183
    3461       1.7693
    3462       1.8339
    3463       1.8153
    3464       1.7793
    3465       1.8296
    3466       1.9053
    3467       1.8295
    3468       1.9660
    3469       1.8839
    3470       1.8224
    3471       1.8040
    3472       1.7585
    3473       1.7471
    3474       1.7739
    3475       1.7967
    3476       1.7989
    3477       1.8723
    3478       1.8328
    3479       1.8122
    3480       1.8463
    3481       1.9058
    3482       1.8316
    3483       1.9157
    3484       1.7454
    3485       1.8247
    3486       1.8263
    3487       1.8432
    3488       1.8642
    3489       1.8413
    3490       1.8978
    3491       1.8064
    3492       1.7671
    3493       1.7422
    3494       1.7638
    3495       1.7543
    3496       1.8122
    3497       1.8623
    3498       1.8960
    3499       1.8725
    3500       1.8037
    3501       1.8134
    3502       1.8248
    3503       1.8142
    3504       1.8020
    3505       1.7984
    3506       1.8726
    3507       1.8548
    3508       1.8987
    3509       1.8468
    3510       1.8580
    3511       1.8899
    3512       1.8627
    3513       1.8546
    3514       1.8538
    3515       1.8022
    3516       1.8125
    3517       1.8693
    3518       1.8707
    3519       1.7680
    3520       1.8626
    3521       1.8534
    3522       1.8451
    3523       1.8162
    3524       1.9344
    3525       1.8573
    3526       1.9264
    3527       1.8595
    3528       1.8529
    3529       1.8420
    3530       1.8795
    3531       1.9194
    3532       1.9394
    3533       1.8368
    3534       1.8547
    3535       1.8207
    3536       1.8186
    3537       1.7845
    3538       1.7884
    3539       1.8161
    3540       1.9076
    3541       1.8208
    3542       1.8768
    3543       1.8730
    3544       1.8810
    3545       1.9178
    3546       1.7908
    3547       1.8163
    3548       1.8860
    3549       1.8764
    3550       1.8187
    3551       1.9322
    3552       2.0168
    3553       1.9182
    3554       1.8815
    3555       1.8507
    3556       1.9757
    3557       1.8642
    3558       1.9096
    3559       1.8812
    3560       1.8752
    3561       1.8699
    3562       1.7637
    3563       1.8546
    3564       1.8008
    3565       1.8256
    3566       1.8985
    3567       1.8144
    3568       1.8004
    3569       1.8757
    3570       1.9133
    3571       1.9040
    3572       1.9485
    3573       2.0276
    3574       1.9240
    3575       1.8922
    3576       2.0012
    3577       1.9876
    3578       1.9308
    3579       1.9949
    3580       1.9255
    3581       2.0142
    3582       1.9373
    3583       1.9568
    3584       1.9207
    3585       1.8957
    3586       1.9124
    3587       1.9630
    3588       1.9747
    3589       1.9199
    3590       1.9121
    3591       1.8393
    3592       2.0208
    3593       1.8700
    3594       1.9311
    3595       1.8329
    3596       1.8313
    3597       1.9311
    3598       1.9261
    3599       1.9003
    3600       1.8606
    3601       1.9224
    3602       1.8900
    3603       1.8047
    3604       1.8943
    3605       1.8936
    3606       1.8649
    3607       1.9158
    3608       1.9246
    3609       1.9423
    3610       1.9714
    3611       1.8745
    3612       1.9752
    3613       1.9830
    3614       1.8549
    3615       1.8609
    3616       1.8707
    3617       1.9232
    3618       1.7832
    3619       1.8613
    3620       1.8957
    3621       1.9805
    3622       1.9210
    3623       1.9085
    3624       1.8913
    3625       1.9918
    3626       1.9900
    3627       1.9255
    3628       1.8404
    3629       1.7967
    3630       1.7803
    3631       1.8421
    3632       1.9113
    3633       1.8799
    3634       1.8956
    3635       1.9907
    3636       1.9907
    3637       1.9125
    3638       2.0328
    3639       1.9902
    3640       1.8820
    3641       1.8668
    3642       2.0041
    3643       2.0282
    3644       1.9435
    3645       2.0373
    3646       1.8912
    3647       2.0102
    3648       2.0073
    3649       1.9108
    3650       1.9874
    3651       1.9175
    3652       1.8922
    3653       1.8391
    3654       1.9239
    3655       1.9193
    3656       1.8344
    3657       1.9510
    3658       2.1037
    3659       2.0538
    3660       1.9896
    3661       2.0360
    3662       1.9988
    3663       2.0012
    3664       2.0800
    3665       2.0585
    3666       2.1420
    3667       2.0299
    3668       1.9994
    3669       2.0963
    3670       1.9573
    3671       2.1014
    3672       1.9721
    3673       1.9996
    3674       2.0595
    3675       2.0229
    3676       1.9822
    3677       1.9734
    3678       1.9762
    3679       2.1151
    3680       2.0086
    3681       2.1271
    3682       2.0374
    3683       1.9461
    3684       1.9567
    3685       1.9463
    3686       2.0320
    3687       1.9994
    3688       1.9831
    3689       1.8928
    3690       1.9718
    3691       1.9558
    3692       1.9764
    3693       2.0334
    3694       2.3140
    3695       1.9402
    3696       2.0911
    3697       2.0136
    3698       1.9794
    3699       1.9700
    3700       2.0155
    3701       2.1272
    3702       1.9696
    3703       2.0902
    3704       2.0191
    3705       2.0131
    3706       2.1078
    3707       2.1239
    3708       2.1898
    3709       2.1390
    3710       2.1165
    3711       2.0893
    3712       2.0008
    3713       2.1376
    3714       2.1057
    3715       2.0252
    3716       2.2037
    3717       2.0771
    3718       2.1643
    3719       2.1814
    3720       2.1754
    3721       2.1987
    3722       2.1476
    3723       2.1897
    3724       2.0463
    3725       2.0842
    3726       2.1370
    3727       2.0397
    3728       2.0213
    3729       2.0099
    3730       1.9957
    3731       1.8998
    3732       2.0324
    3733       2.1198
    3734       1.9589
    3735       2.0339
    3736       1.9380
    3737       2.0056
    3738       2.0909
    3739       2.1245
    3740       2.0557
    3741       2.0332
    3742       2.0665
    3743       1.9718
    3744       2.0322
    3745       2.0271
    3746       1.9984
    3747       2.0297
    3748       2.0849
    3749       2.0732
    3750       2.0930
    3751       2.0517
    3752       2.0062
    3753       2.1870
    3754       2.1969
    3755       2.2532
    3756       2.0838
    3757       2.2458
    3758       2.0582
    3759       2.1865
    3760       2.0875
    3761       2.2241
    3762       2.1564
    3763       2.0866
    3764       1.9766
    3765       2.1864
    3766       2.1162
    3767       2.1612
    3768       2.0796
    3769       2.1029
    3770       2.1395
    3771       2.1542
    3772       2.2325
    3773       2.2196
    3774       2.2465
    3775       2.1325
    3776       2.1902
    3777       2.1978
    3778       2.1318
    3779       2.1689
    3780       2.1261
    3781       2.1444
    3782       2.0773
    3783       2.1350
    3784       2.0539
    3785       2.0370
    3786       2.0214
    3787       2.0580
    3788       2.0679
    3789       2.0987
    3790       2.2218
    3791       2.0906
    3792       2.1382
    3793       2.0802
    3794       2.1043
    3795       2.0398
    3796       2.0704
    3797       2.0561
    3798       2.1756
    3799       2.1297
    3800       2.1014
    3801       2.1349
    3802       2.0955
    3803       2.1218
    3804       2.1087
    3805       2.1764
    3806       2.1447
    3807       2.2114
    3808       2.1502
    3809       1.9983
    3810       2.0877
    3811       2.0489
    3812       2.1329
    3813       2.0544
    3814       2.0856
    3815       2.0403
    3816       2.0496
    3817       2.1100
    3818       2.2103
    3819       2.1860
    3820       2.1232
    3821       2.0567
    3822       2.1275
    3823       2.1560
    3824       2.0644
    3825       2.1839
    3826       2.1138
    3827       2.1391
    3828       2.2301
    3829       2.1540
    3830       2.2102
    3831       2.1886
    3832       2.1391
    3833       2.0710
    3834       2.0369
    3835       2.0908
    3836       1.9474
    3837       1.9899
    3838       2.0322
    3839       1.9665
    3840       1.9971
    3841       2.0525
    3842       2.0297
    3843       2.0154
    3844       2.0271
    3845       1.9982
    3846       2.0160
    3847       2.0530
    3848       2.0169
    3849       1.9888
    3850       2.0384
    3851       2.0424
    3852       1.9491
    3853       2.1051
    3854       2.0662
    3855       2.0675
    3856       2.0729
    3857       2.1167
    3858       2.0895
    3859       2.0647
    3860       2.0806
    3861       2.1553
    3862       2.1007
    3863       2.1300
    3864       2.1397
    3865       2.0748
    3866       2.0650
    3867       2.0085
    3868       2.1396
    3869       2.0844
    3870       2.1675
    3871       2.1014
    3872       2.1136
    3873       2.0753
    3874       1.9455
    3875       2.0781
    3876       2.0764
    3877       2.0981
    3878       2.1869
    3879       2.0857
    3880       2.1118
    3881       2.0607
    3882       2.0673
    3883       2.0050
    3884       1.9972
    3885       2.1044
    3886       1.9735
    3887       2.0612
    3888       1.9978
    3889       2.1251
    3890       2.0450
    3891       2.0281
    3892       2.0097
    3893       1.9886
    3894       2.0450
    3895       2.1307
    3896       2.0205
    3897       1.9670
    3898       2.0009
    3899       1.9601
    3900       1.9636
    3901       2.0654
    3902       2.0921
    3903       2.0811
    3904       2.0482
    3905       2.0209
    3906       2.0280
    3907       2.0877
    3908       2.0054
    3909       1.9473
    3910       1.9930
    3911       2.0295
    3912       2.0310
    3913       1.9678
    3914       1.9260
    3915       2.0404
    3916       2.1798
    3917       2.0639
    3918       2.1250
    3919       2.1211
    3920       2.0191
    3921       2.0387
    3922       2.0601
    3923       2.1108
    3924       2.0282
    3925       2.0063
    3926       1.9565
    3927       2.0244
    3928       1.9790
    3929       1.9969
    3930       1.9438
    3931       1.9124
    3932       2.0293
    3933       1.9268
    3934       2.0476
    3935       2.0268
    3936       2.1232
    3937       2.0786
    3938       2.1350
    3939       2.1528
    3940       2.2512
    3941       2.2061
    3942       2.0628
    3943       2.1218
    3944       2.2055
    3945       2.1373
    3946       2.0460
    3947       2.1005
    3948       2.0655
    3949       2.1334
    3950       2.0624
    3951       2.1628
    3952       2.1299
    3953       2.0917
    3954       2.1280
    3955       2.1131
    3956       2.1835
    3957       2.1929
    3958       2.2188
    3959       2.0869
    3960       2.1257
    3961       2.1068
    3962       2.0589
    3963       2.0776
    3964       2.0273
    3965       2.0533
    3966       2.0316
    3967       2.0931
    3968       2.0643
    3969       2.0716
    3970       2.2784
    3971       2.1137
    3972       2.1545
    3973       2.1648
    3974       2.1608
    3975       2.0944
    3976       2.1718
    3977       2.1451
    3978       2.1175
    3979       2.1684
    3980       2.1592
    3981       2.1881
    3982       2.1819
    3983       2.2254
    3984       2.2650
    3985       2.2455
    3986       2.2015
    3987       2.2137
    3988       2.2345
    3989       2.2859
    3990       2.3332
    3991       2.2995
    3992       2.3167
    3993       2.2356
    3994       2.2594
    3995       2.3271
    3996       2.3456
    3997       2.2959
    3998       2.2800
    3999       2.2251
    4000       2.2994
