#Res        AtomicFlx
   1.000       6.3472
   2.000       4.2887
   3.000       3.9131
   4.000       1.4401
   5.000       1.0991
   6.000       0.8464
   7.000       0.7764
   8.000       0.8105
   9.000       1.0835
  10.000       1.0213
  11.000       0.9876
  12.000       1.2458
  13.000       1.2062
  14.000       0.9284
  15.000       1.0575
  16.000       0.9419
  17.000       0.9139
  18.000       0.8572
  19.000       0.9038
  20.000       0.9789
  21.000       0.9163
  22.000       0.7936
  23.000       0.7631
  24.000       0.7813
  25.000       0.6989
  26.000       0.6301
  27.000       0.6504
  28.000       0.5908
  29.000       0.6538
  30.000       0.7128
  31.000       0.5745
  32.000       0.5703
  33.000       0.6548
  34.000       0.6203
  35.000       0.6180
  36.000       0.6591
  37.000       0.7606
  38.000       0.8201
  39.000       0.7216
  40.000       0.8321
  41.000       0.9662
  42.000       0.8661
  43.000       0.8348
  44.000       0.9607
  45.000       0.8607
  46.000       0.7067
  47.000       0.8664
  48.000       0.8522
  49.000       0.7241
  50.000       0.6629
  51.000       0.5766
  52.000       0.5504
  53.000       0.5606
  54.000       0.6864
  55.000       0.7171
  56.000       0.6490
  57.000       0.7184
  58.000       0.7709
  59.000       0.7105
  60.000       0.6592
  61.000       0.5739
  62.000       0.6569
  63.000       0.7076
  64.000       0.6390
  65.000       0.6272
  66.000       0.7418
  67.000       0.8059
  68.000       0.7520
  69.000       0.8618
  70.000       0.7214
  71.000       0.8466
  72.000       0.7673
  73.000       0.6592
  74.000       0.6660
  75.000       0.6725
  76.000       0.6948
  77.000       0.7822
  78.000       0.9422
  79.000       0.8524
  80.000       0.9171
  81.000       0.8731
  82.000       0.8285
  83.000       0.9515
  84.000       0.8609
  85.000       0.7602
  86.000       0.8747
  87.000       0.9363
  88.000       0.7893
  89.000       0.8303
  90.000       0.9779
  91.000       0.9829
  92.000       0.8806
  93.000       1.0236
  94.000       0.8522
  95.000       0.9139
  96.000       0.9582
  97.000       0.8223
  98.000       0.7387
  99.000       0.8677
 100.000       0.8539
 101.000       0.9038
 102.000       1.0019
 103.000       1.0167
 104.000       0.9521
 105.000       0.8410
 106.000       0.9487
 107.000       0.9796
 108.000       0.9514
 109.000       1.0130
 110.000       1.0018
 111.000       1.1934
 112.000       0.9851
 113.000       1.0277
 114.000       0.7925
 115.000       0.6563
 116.000       0.6231
 117.000       0.5363
 118.000       0.5038
 119.000       0.5043
 120.000       0.6106
 121.000       0.6177
 122.000       0.6778
 123.000       0.6389
 124.000       0.6293
 125.000       0.5762
 126.000       0.5712
 127.000       0.5452
 128.000       0.5873
 129.000       0.6111
 130.000       0.9846
 131.000       0.9800
 132.000       0.7922
 133.000       0.6821
 134.000       0.7851
 135.000       0.7680
 136.000       0.6939
 137.000       0.7367
 138.000       0.7966
 139.000       0.7309
 140.000       0.7110
 141.000       0.8187
 142.000       0.8409
 143.000       0.7437
 144.000       0.6821
 145.000       0.7886
 146.000       1.0303
 147.000       1.1351
 148.000       0.7335
 149.000       0.5962
 150.000       0.5299
 151.000       0.5117
 152.000       0.5181
 153.000       0.6293
 154.000       0.6104
 155.000       0.5601
 156.000       0.5492
 157.000       0.5214
 158.000       0.5304
 159.000       0.5538
 160.000       0.6007
 161.000       0.7225
 162.000       0.7282
 163.000       0.8331
 164.000       1.0123
 165.000       1.2617
 166.000       1.2775
 167.000       1.4702
 168.000       1.9491
 169.000       1.9540
 170.000       1.6611
 171.000       1.4942
 172.000       1.0764
 173.000       1.0096
 174.000       0.9619
 175.000       0.7643
 176.000       0.8406
 177.000       0.9095
 178.000       0.7374
 179.000       0.7657
 180.000       0.9490
 181.000       0.7702
 182.000       0.7934
 183.000       0.7493
 184.000       0.8702
 185.000       0.8889
 186.000       0.8134
 187.000       0.8387
 188.000       0.9444
 189.000       1.0031
 190.000       0.9453
 191.000       0.8953
 192.000       0.8742
 193.000       0.8484
 194.000       0.6653
 195.000       0.6662
 196.000       0.6501
 197.000       0.7124
 198.000       0.7513
 199.000       0.7143
 200.000       0.8330
 201.000       0.8973
 202.000       1.0591
 203.000       0.8877
 204.000       0.7729
 205.000       0.8045
 206.000       0.7717
 207.000       0.8308
 208.000       0.7094
 209.000       0.6710
 210.000       0.6442
 211.000       0.6554
 212.000       0.6219
 213.000       0.6385
 214.000       0.6817
 215.000       0.7278
 216.000       0.7172
 217.000       0.8226
 218.000       0.9039
 219.000       0.8442
 220.000       0.9746
 221.000       1.1232
 222.000       1.2263
 223.000       1.0939
 224.000       1.0639
 225.000       0.9283
 226.000       0.8077
 227.000       0.7590
 228.000       0.7270
 229.000       0.7731
 230.000       0.7686
 231.000       0.8114
 232.000       0.7746
 233.000       0.9165
 234.000       0.8986
 235.000       0.9943
 236.000       1.0636
 237.000       1.1150
 238.000       1.0151
 239.000       0.9543
 240.000       0.8228
 241.000       0.8608
 242.000       0.6616
 243.000       0.5850
 244.000       0.5654
 245.000       0.5269
 246.000       0.5239
 247.000       0.4974
 248.000       0.5424
 249.000       0.5475
 250.000       0.6173
 251.000       0.6193
 252.000       0.7679
 253.000       1.0539
 254.000       1.1514
 255.000       1.5769
 256.000       1.3569
 257.000       1.1201
 258.000       0.7927
 259.000       0.6955
 260.000       0.7335
 261.000       0.6778
 262.000       0.6245
 263.000       0.6332
 264.000       0.7380
 265.000       0.8747
 266.000       0.7476
 267.000       0.8079
 268.000       0.7832
 269.000       0.6005
 270.000       0.6176
 271.000       0.5990
 272.000       0.6400
 273.000       0.5581
 274.000       0.5213
 275.000       0.5494
 276.000       0.5741
 277.000       0.6713
 278.000       0.8548
 279.000       1.1603
 280.000       1.1673
 281.000       1.0816
 282.000       0.9921
 283.000       1.3932
 284.000       1.2769
 285.000       1.3587
 286.000       1.1595
 287.000       1.2819
 288.000       1.2525
 289.000       1.0076
 290.000       0.9216
 291.000       0.9434
 292.000       0.7861
 293.000       0.7400
 294.000       0.6673
 295.000       0.7603
 296.000       0.6873
 297.000       0.8426
 298.000       0.9759
 299.000       0.9959
 300.000       1.3633
 301.000       1.2934
 302.000       1.1435
 303.000       1.3426
 304.000       1.0789
 305.000       0.8046
 306.000       0.7450
 307.000       0.7605
 308.000       0.7540
 309.000       0.7745
 310.000       0.7846
 311.000       0.8269
 312.000       0.8627
 313.000       1.1561
 314.000       1.4163
 315.000       2.0900
 316.000       2.9662
 317.000       3.6692
 318.000       2.9870
 319.000       2.4712
 320.000       2.6855
 321.000       1.9048
 322.000       1.6191
 323.000       1.1606
 324.000       1.3521
 325.000       1.7445
 326.000       0.8917
 327.000       0.7598
 328.000       0.8477
 329.000       0.7651
 330.000       0.8456
 332.000       3.2468
 333.000       2.5842
 334.000       2.3016
 335.000       2.0603
 336.000       1.5724
 337.000       1.2014
 338.000       1.0506
 339.000       1.0474
 340.000       1.2703
 341.000       1.3577
 342.000       1.5209
 343.000       1.8007
 344.000       1.5540
 345.000       1.1771
 346.000       1.7755
 347.000       1.0035
 348.000       1.2217
 349.000       0.9762
 350.000       0.8453
 351.000       0.9034
 352.000       0.9498
 353.000       0.7584
 354.000       0.7424
 355.000       0.7821
 356.000       0.7650
 357.000       0.7542
 358.000       0.7541
 359.000       0.8497
 360.000       0.8766
 361.000       1.2402
 362.000       1.2025
 363.000       0.8271
 364.000       1.1069
 365.000       1.3452
 366.000       0.9569
 367.000       0.8483
 368.000       1.0729
 369.000       0.9322
 370.000       0.8022
 371.000       1.0270
 372.000       1.0671
 373.000       0.8559
 374.000       0.8833
 375.000       0.9715
 376.000       0.8831
 377.000       0.7957
 378.000       0.9126
 379.000       0.9302
 380.000       0.8325
 381.000       0.7629
 382.000       0.6701
 383.000       0.6161
 384.000       0.5731
 385.000       0.6840
 386.000       0.8309
 387.000       0.7540
 388.000       0.8221
 389.000       0.8626
 390.000       0.7904
 391.000       0.7913
 392.000       0.7905
 393.000       0.7107
 394.000       0.6928
 395.000       0.7270
 396.000       0.7137
 397.000       0.7864
 398.000       0.8842
 399.000       0.8729
 400.000       0.9653
 401.000       0.8090
 402.000       0.9181
 403.000       0.8137
 404.000       0.7102
 405.000       0.6970
 406.000       0.7027
 407.000       0.7741
 408.000       0.8677
 409.000       1.0565
 410.000       1.0961
 411.000       1.2870
 412.000       1.0148
 413.000       0.8734
 414.000       0.9899
 415.000       0.8533
 416.000       0.7611
 417.000       0.8201
 418.000       0.9021
 419.000       0.7815
 420.000       0.7924
 421.000       0.9269
 422.000       0.9352
 423.000       0.8425
 424.000       0.9789
 425.000       0.8498
 426.000       0.8961
 427.000       0.9781
 428.000       0.8436
 429.000       0.7380
 430.000       0.9206
 431.000       0.8809
 432.000       0.9460
 433.000       1.0867
 434.000       1.1294
 435.000       1.1418
 436.000       1.1758
 437.000       1.2664
 438.000       1.2024
 439.000       1.0775
 440.000       1.1419
 441.000       1.1025
 442.000       1.3448
 443.000       1.0921
 444.000       1.1262
 445.000       0.8878
 446.000       0.7517
 447.000       0.7293
 448.000       0.6347
 449.000       0.5671
 450.000       0.5750
 451.000       1.1274
 452.000       1.1484
 453.000       0.9650
 454.000       0.7292
 455.000       0.6889
 456.000       0.6301
 457.000       0.5982
 458.000       0.5871
 459.000       0.6132
 460.000       0.7124
 461.000       0.8109
 462.000       0.8481
 463.000       0.8919
 464.000       0.8217
 465.000       0.9182
 466.000       0.8110
 467.000       0.6260
 468.000       0.6987
 469.000       0.7698
 470.000       0.7049
 471.000       0.6589
 472.000       0.7846
 473.000       0.8413
 474.000       0.7800
 475.000       0.7122
 476.000       0.8646
 477.000       1.1010
 478.000       1.1927
 479.000       0.8388
 480.000       0.7658
 481.000       0.6591
 482.000       0.6118
 483.000       0.6241
 484.000       0.6649
 485.000       0.6580
 486.000       0.6656
 487.000       0.7061
 488.000       0.6503
 489.000       0.6143
 490.000       0.6121
 491.000       0.6602
 492.000       0.7603
 493.000       0.7108
 494.000       0.7400
 495.000       0.8427
 496.000       1.7177
 497.000       1.7022
 498.000       1.3759
 499.000       1.5420
 500.000       1.4298
 501.000       0.9955
 502.000       1.2880
 503.000       1.4871
 504.000       1.4744
 505.000       0.9969
 506.000       0.8590
 507.000       0.9976
 508.000       0.9945
 509.000       0.7586
 510.000       0.7969
 511.000       0.9223
 512.000       0.7817
 513.000       0.8200
 514.000       0.7577
 515.000       0.8969
 516.000       0.9180
 517.000       0.7990
 518.000       0.8414
 519.000       0.9144
 520.000       0.8657
 521.000       0.9873
 522.000       1.0065
 523.000       0.8284
 524.000       0.8281
 525.000       0.7692
 526.000       0.7679
 527.000       0.7895
 528.000       0.8395
 529.000       0.8674
 530.000       0.8337
 531.000       0.9798
 532.000       1.0058
 533.000       1.0810
 534.000       0.8978
 535.000       0.8102
 536.000       0.7900
 537.000       0.7823
 538.000       0.8276
 539.000       0.7394
 540.000       0.7182
 541.000       0.7270
 542.000       0.7966
 543.000       0.7210
 544.000       0.7065
 545.000       0.6550
 546.000       0.6580
 547.000       0.7470
 548.000       0.9574
 549.000       1.0326
 550.000       0.8545
 551.000       1.0633
 552.000       1.3443
 553.000       1.3873
 554.000       1.2457
 555.000       1.3615
 556.000       0.9482
 557.000       0.8496
 558.000       0.7933
 559.000       0.7916
 560.000       0.8405
 561.000       0.8250
 562.000       0.8699
 563.000       0.8298
 564.000       0.9721
 565.000       0.9152
 566.000       0.9883
 567.000       1.1204
 568.000       1.1000
 569.000       1.0386
 570.000       0.9672
 571.000       0.8210
 572.000       0.7071
 573.000       0.6732
 574.000       0.6334
 575.000       0.6107
 576.000       0.5960
 577.000       0.5960
 578.000       0.5897
 579.000       0.6770
 580.000       0.6685
 581.000       0.7322
 582.000       0.6897
 583.000       0.8432
 584.000       0.8944
 585.000       0.9404
 586.000       1.3847
 587.000       1.5402
 588.000       1.6778
 589.000       1.2510
 590.000       1.0341
 591.000       0.8723
 592.000       0.7847
 593.000       0.6859
 594.000       0.7396
 595.000       0.8310
 596.000       1.0124
 597.000       0.9425
 598.000       0.9690
 599.000       0.8950
 600.000       0.8372
 601.000       0.8904
 602.000       0.7287
 603.000       0.7471
 604.000       0.6358
 605.000       0.6032
 606.000       0.6201
 607.000       0.6373
 608.000       0.7237
 609.000       0.9198
 610.000       1.4737
 611.000       1.1821
 612.000       1.0019
 613.000       1.0241
 614.000       1.1114
 615.000       1.0661
 616.000       1.1250
 617.000       1.1028
 618.000       1.2326
 619.000       1.2032
 620.000       1.0511
 621.000       0.9226
 622.000       0.9209
 623.000       0.8741
 624.000       0.8001
 625.000       0.7351
 626.000       0.8191
 627.000       0.7117
 628.000       0.7581
 629.000       0.8107
 630.000       0.8932
 631.000       1.1485
 632.000       1.1823
 633.000       0.9939
 634.000       1.5337
 635.000       0.9871
 636.000       0.7589
 637.000       0.6978
 638.000       0.7239
 639.000       0.7286
 640.000       0.8087
 641.000       0.7546
 642.000       0.8633
 643.000       0.9332
 644.000       1.0638
 645.000       1.1417
 646.000       1.4654
 647.000       1.7499
 648.000       2.4459
 649.000       3.1643
 650.000       2.5056
 651.000       1.8016
 652.000       1.4551
 653.000       1.2746
 654.000       1.3198
 655.000       1.0713
 656.000       0.9814
 657.000       0.8882
 658.000       0.7271
 659.000       0.7756
 660.000       0.7688
 661.000       0.8642
