#Res        AtomicFlx
   1.000       2.9572
   2.000       2.1234
   3.000       1.8959
   4.000       1.8118
   5.000       1.5621
   6.000       1.0447
   7.000       0.9323
   8.000       0.9580
   9.000       0.9929
  10.000       0.9409
  11.000       1.0294
  12.000       1.1824
  13.000       0.9940
  14.000       0.8018
  15.000       1.0320
  16.000       0.9249
  17.000       0.9811
  18.000       1.2970
  19.000       1.3841
  20.000       1.5025
  21.000       1.3097
  22.000       1.1188
  23.000       1.0399
  24.000       1.1053
  25.000       1.0458
  26.000       1.0241
  27.000       1.1226
  28.000       0.9820
  29.000       1.1591
  30.000       1.0791
  31.000       0.9928
  32.000       1.0220
  33.000       1.0740
  34.000       1.0184
  35.000       1.0230
  36.000       1.0234
  37.000       1.0919
  38.000       1.0557
  39.000       0.9631
  40.000       1.0612
  41.000       1.0973
  42.000       0.9734
  43.000       1.0024
  44.000       1.0436
  45.000       0.9495
  46.000       0.8970
  47.000       1.0196
  48.000       1.0158
  49.000       0.8927
  50.000       0.8180
  51.000       0.7246
  52.000       0.6626
  53.000       0.6297
  54.000       0.6496
  55.000       0.6867
  56.000       0.6646
  57.000       0.7273
  58.000       0.8515
  59.000       0.7907
  60.000       0.8291
  61.000       0.7489
  62.000       0.7700
  63.000       0.8393
  64.000       0.8069
  65.000       0.7817
  66.000       0.8958
  67.000       0.9860
  68.000       0.9426
  69.000       1.0231
  70.000       0.8956
  71.000       1.0013
  72.000       0.9025
  73.000       0.7820
  74.000       0.7927
  75.000       0.7784
  76.000       0.7180
  77.000       0.7191
  78.000       0.8155
  79.000       0.7810
  80.000       0.8786
  81.000       0.9077
  82.000       0.9017
  83.000       1.1118
  84.000       1.1581
  85.000       0.9687
  86.000       1.0206
  87.000       1.1425
  88.000       1.0868
  89.000       1.0099
  90.000       1.1722
  91.000       1.2643
  92.000       1.1953
  93.000       1.2519
  94.000       1.0477
  95.000       1.0997
  96.000       1.1947
  97.000       0.9771
  98.000       0.8959
  99.000       0.9999
 100.000       0.9412
 101.000       0.9392
 102.000       0.9593
 103.000       0.9479
 104.000       0.8648
 105.000       0.8170
 106.000       0.9691
 107.000       1.0671
 108.000       1.0744
 109.000       1.0603
 110.000       1.1368
 111.000       1.4074
 112.000       1.2736
 113.000       1.1928
 114.000       0.9181
 115.000       0.7869
 116.000       0.7739
 117.000       0.6887
 118.000       0.6082
 119.000       0.6298
 120.000       0.7291
 121.000       0.8610
 122.000       0.9052
 123.000       0.7800
 124.000       0.7542
 125.000       0.7066
 126.000       0.7346
 127.000       0.7276
 128.000       0.8107
 129.000       0.7931
 130.000       0.7933
 131.000       0.8257
 132.000       0.8294
 133.000       0.8429
 134.000       0.7761
 135.000       0.7811
 136.000       0.6367
 137.000       0.6618
 138.000       0.7196
 139.000       0.6769
 140.000       0.6786
 141.000       0.7976
 142.000       0.8098
 143.000       0.7950
 144.000       0.7500
 145.000       0.9617
 146.000       1.2630
 147.000       1.4394
 148.000       1.1409
 149.000       0.7944
 150.000       0.6560
 151.000       0.6677
 152.000       0.6723
 153.000       0.7325
 154.000       0.6883
 155.000       0.6641
 156.000       0.6374
 157.000       0.6038
 158.000       0.6347
 159.000       0.6630
 160.000       0.7000
 161.000       0.7334
 162.000       0.7625
 163.000       0.8502
 164.000       0.9833
 165.000       1.3267
 166.000       1.3270
 167.000       1.0217
 168.000       1.2008
 169.000       1.4137
 170.000       1.2944
 171.000       1.1605
 172.000       1.1869
 173.000       1.0751
 174.000       1.0864
 175.000       1.2557
 176.000       1.1331
 177.000       1.2327
 178.000       0.9879
 179.000       1.1409
 180.000       1.1403
 181.000       0.9646
 182.000       0.9804
 183.000       0.9972
 184.000       1.0762
 185.000       1.1002
 186.000       1.0110
 187.000       1.2439
 188.000       1.3123
 189.000       1.2327
 190.000       1.1731
 191.000       0.9004
 192.000       0.9622
 193.000       0.8543
 194.000       0.6714
 195.000       0.7104
 196.000       0.7173
 197.000       0.8115
 198.000       0.8898
 199.000       0.8904
 200.000       1.0719
 201.000       1.0968
 202.000       1.2226
 203.000       0.9957
 204.000       0.9221
 205.000       0.9014
 206.000       0.8834
 207.000       0.9161
 208.000       0.8211
 209.000       0.7749
 210.000       0.7495
 211.000       0.7340
 212.000       0.7366
 213.000       0.7238
 214.000       0.7536
 215.000       0.7410
 216.000       0.7066
 217.000       1.1062
 218.000       1.2804
 219.000       1.0393
 220.000       1.2839
 221.000       1.5084
 222.000       1.5747
 223.000       1.3775
 224.000       1.5216
 225.000       1.1640
 226.000       0.8896
 227.000       0.8361
 228.000       0.8128
 229.000       0.8762
 230.000       0.8712
 231.000       0.8885
 232.000       0.8739
 233.000       0.9985
 234.000       1.0167
 235.000       1.1222
 236.000       1.2253
 237.000       1.2554
 238.000       1.0828
 239.000       1.0612
 240.000       0.8494
 241.000       0.7511
 242.000       0.6479
 243.000       0.6289
 244.000       0.6434
 245.000       0.6156
 246.000       0.6199
 247.000       0.6042
 248.000       0.6751
 249.000       0.7751
 250.000       0.8194
 251.000       0.8245
 252.000       0.9438
 253.000       1.1120
 254.000       1.1414
 255.000       1.1895
 256.000       1.4453
 257.000       1.3594
 258.000       1.0040
 259.000       1.0413
 260.000       0.9137
 261.000       0.8065
 262.000       0.7339
 263.000       0.8154
 264.000       0.9463
 265.000       1.1850
 266.000       0.9967
 267.000       1.0473
 268.000       0.9662
 269.000       0.8367
 270.000       0.8044
 271.000       0.7127
 272.000       0.7216
 273.000       0.6513
 274.000       0.6071
 275.000       0.5942
 276.000       0.6276
 277.000       0.6532
 278.000       0.8048
 279.000       1.2137
 280.000       1.0010
 281.000       0.9435
 282.000       0.9929
 283.000       1.3193
 284.000       1.1547
 285.000       1.2868
 286.000       1.2464
 287.000       1.2788
 288.000       1.2148
 289.000       1.0523
 290.000       1.0024
 291.000       0.9859
 292.000       0.9199
 293.000       0.8384
 294.000       0.7850
 295.000       0.9310
 296.000       0.7883
 297.000       0.8632
 298.000       0.9377
 299.000       0.8962
 300.000       1.1458
 301.000       0.9892
 302.000       0.9675
 303.000       1.0991
 304.000       1.0121
 305.000       0.8497
 306.000       0.8257
 307.000       0.7537
 308.000       0.7633
 309.000       0.7613
 310.000       0.8206
 311.000       0.8764
 312.000       0.9180
 313.000       1.0262
 314.000       1.1323
 315.000       1.3984
 316.000       2.1387
 317.000       2.6265
 318.000       2.7515
 319.000       2.5427
 320.000       1.9215
 321.000       1.3044
 322.000       1.1592
 323.000       1.0836
 324.000       0.9282
 325.000       0.8683
 326.000       0.7501
 327.000       0.6686
 328.000       0.7636
 329.000       0.7798
 330.000       0.8158
 332.000       1.9859
 333.000       1.1498
 334.000       0.8686
 335.000       0.8208
 336.000       0.8152
 337.000       0.7964
 338.000       0.7896
 339.000       0.8032
 340.000       0.8239
 341.000       0.8470
 342.000       0.8924
 343.000       1.2134
 344.000       1.2827
 345.000       1.0289
 346.000       1.0293
 347.000       0.9306
 348.000       0.8425
 349.000       0.9173
 350.000       1.1166
 351.000       1.1762
 352.000       1.0872
 353.000       0.9058
 354.000       0.9578
 355.000       1.0838
 356.000       0.9945
 357.000       0.9145
 358.000       1.1024
 359.000       1.2917
 360.000       1.1409
 361.000       1.0972
 362.000       0.8887
 363.000       1.0262
 364.000       1.1702
 365.000       0.9223
 366.000       0.8943
 367.000       1.2648
 368.000       1.3435
 369.000       1.0160
 370.000       0.9179
 371.000       1.1002
 372.000       1.2413
 373.000       1.1458
 374.000       1.0483
 375.000       1.1937
 376.000       1.1573
 377.000       0.8981
 378.000       1.0509
 379.000       1.0250
 380.000       0.9103
 381.000       0.8205
 382.000       0.7078
 383.000       0.6465
 384.000       0.5843
 385.000       0.6480
 386.000       0.7292
 387.000       0.6405
 388.000       0.7566
 389.000       0.8390
 390.000       0.7464
 391.000       0.8290
 392.000       0.7264
 393.000       0.7076
 394.000       0.7738
 395.000       0.7322
 396.000       0.6980
 397.000       0.8006
 398.000       0.8863
 399.000       0.8678
 400.000       0.9862
 401.000       0.8209
 402.000       0.9292
 403.000       0.8122
 404.000       0.6877
 405.000       0.6834
 406.000       0.7066
 407.000       0.7054
 408.000       0.7075
 409.000       0.8195
 410.000       0.7921
 411.000       0.8170
 412.000       0.7869
 413.000       0.7444
 414.000       0.7797
 415.000       0.8078
 416.000       0.7512
 417.000       0.8151
 418.000       0.8931
 419.000       0.8207
 420.000       0.7994
 421.000       0.9448
 422.000       1.0237
 423.000       0.9697
 424.000       1.0607
 425.000       0.9030
 426.000       0.9296
 427.000       0.9956
 428.000       0.8439
 429.000       0.7349
 430.000       0.8448
 431.000       0.8418
 432.000       0.9086
 433.000       0.9334
 434.000       0.9883
 435.000       0.9428
 436.000       0.8587
 437.000       1.0611
 438.000       1.2048
 439.000       1.1940
 440.000       1.2381
 441.000       1.3081
 442.000       1.4799
 443.000       1.3437
 444.000       1.3108
 445.000       1.0240
 446.000       0.8543
 447.000       0.8568
 448.000       0.7565
 449.000       0.7002
 450.000       0.6517
 451.000       0.6305
 452.000       0.6798
 453.000       0.6937
 454.000       0.7213
 455.000       0.8815
 456.000       0.8317
 457.000       0.8394
 458.000       0.7241
 459.000       0.7428
 460.000       0.8775
 461.000       0.8615
 462.000       0.8764
 463.000       0.7639
 464.000       0.7984
 465.000       0.8577
 466.000       0.8174
 467.000       0.7261
 468.000       0.8132
 469.000       0.8783
 470.000       0.8125
 471.000       0.8271
 472.000       0.9678
 473.000       0.9745
 474.000       0.9083
 475.000       0.8759
 476.000       1.0181
 477.000       1.2576
 478.000       1.3336
 479.000       0.9908
 480.000       0.8697
 481.000       0.7994
 482.000       0.7314
 483.000       0.7074
 484.000       0.7760
 485.000       0.7462
 486.000       0.6793
 487.000       0.7058
 488.000       0.7025
 489.000       0.7524
 490.000       0.7781
 491.000       0.8606
 492.000       0.9181
 493.000       1.1294
 494.000       1.4032
 495.000       1.4231
 496.000       1.4073
 497.000       1.4649
 498.000       1.3045
 499.000       1.1664
 500.000       1.3092
 501.000       1.3921
 502.000       1.2650
 503.000       1.3261
 504.000       1.3501
 505.000       1.5486
 506.000       1.3829
 507.000       1.3749
 508.000       1.3189
 509.000       1.4600
 510.000       1.5539
 511.000       1.6197
 512.000       1.3985
 513.000       1.2783
 514.000       1.1835
 515.000       1.3480
 516.000       1.5211
 517.000       1.3980
 518.000       1.3522
 519.000       1.5985
 520.000       1.5833
 521.000       1.4338
 522.000       1.4007
 523.000       1.2951
 524.000       1.1497
 525.000       1.0098
 526.000       1.1267
 527.000       1.6315
 528.000       1.3468
 529.000       1.5765
 530.000       1.4475
 531.000       1.4415
 532.000       1.8442
 533.000       1.7880
 534.000       1.6623
 535.000       1.4451
 536.000       1.2416
 537.000       1.1097
 538.000       1.0904
 539.000       0.9806
 540.000       0.9003
 541.000       0.8684
 542.000       0.8814
 543.000       0.8854
 544.000       0.8005
 545.000       0.7598
 546.000       0.8325
 547.000       0.8248
 548.000       0.9681
 549.000       1.0139
 550.000       0.8959
 551.000       1.1681
 552.000       1.3185
 553.000       1.3273
 554.000       1.0609
 555.000       1.0319
 556.000       1.1700
 557.000       1.2141
 558.000       1.0633
 559.000       1.0256
 560.000       1.0805
 561.000       1.0166
 562.000       1.0759
 563.000       1.0731
 564.000       1.2286
 565.000       1.3104
 566.000       1.4515
 567.000       1.6280
 568.000       1.6855
 569.000       1.7069
 570.000       1.5018
 571.000       1.2692
 572.000       1.1969
 573.000       0.9580
 574.000       0.8598
 575.000       0.8516
 576.000       0.7994
 577.000       0.7652
 578.000       0.7124
 579.000       0.7589
 580.000       0.7333
 581.000       0.7721
 582.000       0.7767
 583.000       0.9004
 584.000       1.0681
 585.000       1.0389
 586.000       1.3077
 587.000       1.3834
 588.000       1.2595
 589.000       0.9950
 590.000       1.2306
 591.000       0.8733
 592.000       0.8099
 593.000       0.8083
 594.000       0.9843
 595.000       1.4451
 596.000       1.7323
 597.000       1.5272
 598.000       1.6873
 599.000       1.6682
 600.000       1.2123
 601.000       1.3944
 602.000       1.1212
 603.000       1.4125
 604.000       1.0352
 605.000       0.9288
 606.000       0.8669
 607.000       0.9271
 608.000       1.0590
 609.000       1.3546
 610.000       1.8531
 611.000       1.5349
 612.000       1.4163
 613.000       1.5819
 614.000       1.7718
 615.000       1.6499
 616.000       1.8003
 617.000       1.6532
 618.000       1.6304
 619.000       1.6172
 620.000       1.3917
 621.000       1.2679
 622.000       1.2018
 623.000       1.1427
 624.000       1.0243
 625.000       0.9025
 626.000       1.0784
 627.000       0.8769
 628.000       0.9559
 629.000       0.9825
 630.000       0.8792
 631.000       1.1208
 632.000       1.0581
 633.000       0.9584
 634.000       1.3910
 635.000       1.3761
 636.000       1.0621
 637.000       0.9419
 638.000       0.8449
 639.000       0.8603
 640.000       0.9435
 641.000       0.9914
 642.000       1.1444
 643.000       1.2826
 644.000       1.6188
 645.000       2.3096
 646.000       3.1798
 647.000       4.3258
 648.000       4.8362
 649.000       4.9860
 650.000       4.4721
 651.000       4.0234
 652.000       3.6916
 653.000       2.9551
 654.000       2.3224
 655.000       1.5945
 656.000       1.3031
 657.000       1.0311
 658.000       0.9606
 659.000       0.9670
 660.000       1.1070
 661.000       1.1471
