#Frame            pro
       1       1.7553
       2       1.5413
       3       1.8349
       4       1.9393
       5       1.7360
       6       1.7329
       7       1.6072
       8       1.7235
       9       1.7056
      10       1.6620
      11       1.8898
      12       1.7782
      13       1.7468
      14       1.8047
      15       1.7582
      16       2.0901
      17       1.9867
      18       1.9693
      19       1.6683
      20       1.6935
      21       1.8229
      22       1.7088
      23       1.8275
      24       1.9722
      25       1.7091
      26       1.6452
      27       1.7653
      28       1.8097
      29       1.7722
      30       1.8927
      31       1.8003
      32       1.9099
      33       1.8769
      34       1.9068
      35       2.1408
      36       2.2399
      37       2.0971
      38       2.2718
      39       2.2332
      40       2.2742
      41       2.1225
      42       2.1948
      43       2.3306
      44       2.2419
      45       2.3518
      46       2.2733
      47       2.1390
      48       2.0689
      49       2.1149
      50       2.0990
      51       2.0870
      52       2.1984
      53       2.1982
      54       2.1407
      55       1.9494
      56       2.1015
      57       2.0604
      58       2.1882
      59       2.1946
      60       2.3738
      61       2.1098
      62       2.1536
      63       2.0703
      64       2.0667
      65       2.1046
      66       2.1668
      67       2.1742
      68       2.1704
      69       2.2084
      70       2.1143
      71       2.1104
      72       2.1603
      73       2.1791
      74       2.1788
      75       2.2106
      76       2.2831
      77       2.2425
      78       2.2578
      79       2.1063
      80       2.1717
      81       2.1348
      82       2.2930
      83       2.2215
      84       2.3333
      85       2.2822
      86       2.2989
      87       2.2485
      88       2.3750
      89       2.3955
      90       2.2070
      91       2.3490
      92       2.2067
      93       2.0812
      94       2.0698
      95       2.0889
      96       2.2069
      97       2.1478
      98       2.1434
      99       2.2239
     100       2.1861
     101       2.2394
     102       2.0761
     103       2.1142
     104       2.1355
     105       2.0967
     106       2.0655
     107       2.0568
     108       2.0359
     109       2.1993
     110       2.1015
     111       2.1524
     112       2.1870
     113       2.2521
     114       2.1097
     115       2.3340
     116       2.1894
     117       2.0786
     118       2.0686
     119       2.0303
     120       1.9124
     121       2.0355
     122       2.0878
     123       2.1333
     124       2.0930
     125       2.0972
     126       2.0299
     127       2.1266
     128       2.2329
     129       2.2620
     130       2.2120
     131       2.3324
     132       2.3072
     133       2.2595
     134       2.1629
     135       2.0742
     136       2.1851
     137       2.1468
     138       2.2331
     139       2.2234
     140       2.0198
     141       2.1744
     142       2.1225
     143       2.1642
     144       2.1653
     145       2.2243
     146       2.1414
     147       2.1349
     148       2.1301
     149       2.1453
     150       2.1568
     151       2.2550
     152       2.1862
     153       2.0794
     154       2.2051
     155       2.1492
     156       2.1456
     157       2.1653
     158       2.1517
     159       2.2869
     160       2.3194
     161       2.1901
     162       2.1234
     163       2.1285
     164       2.1843
     165       2.1591
     166       2.0611
     167       2.1061
     168       2.2704
     169       2.2439
     170       2.2349
     171       2.2405
     172       2.3312
     173       2.3310
     174       2.2363
     175       2.1327
     176       2.0129
     177       2.0999
     178       2.1445
     179       2.0579
     180       2.1610
     181       2.1967
     182       2.1280
     183       2.1713
     184       2.2709
     185       2.1572
     186       2.1584
     187       2.1325
     188       2.2137
     189       2.1617
     190       2.1492
     191       2.2847
     192       2.1765
     193       2.2011
     194       2.1235
     195       2.1844
     196       2.1550
     197       2.0416
     198       2.1226
     199       2.2249
     200       2.2567
     201       2.0748
     202       2.1524
     203       2.1194
     204       2.1816
     205       2.1704
     206       2.2623
     207       2.2473
     208       2.2829
     209       2.2711
     210       2.2935
     211       2.3238
     212       2.3107
     213       2.1782
     214       2.2772
     215       2.2824
     216       2.2077
     217       2.1175
     218       2.1390
     219       2.2142
     220       2.1774
     221       2.3448
     222       2.1240
     223       2.2519
     224       2.1846
     225       2.2435
     226       2.2216
     227       2.2114
     228       2.1785
     229       2.4159
     230       2.2545
     231       2.1674
     232       2.2421
     233       2.1857
     234       2.1872
     235       2.3346
     236       2.3883
     237       2.3106
     238       2.3058
     239       2.4766
     240       2.4762
     241       2.3408
     242       2.2863
     243       2.1727
     244       2.1759
     245       2.2161
     246       2.2757
     247       2.1828
     248       2.2695
     249       2.1910
     250       2.3070
     251       2.2107
     252       2.3383
     253       2.3571
     254       2.2738
     255       2.1330
     256       2.0852
     257       2.3322
     258       2.1930
     259       2.0642
     260       2.1150
     261       2.0520
     262       2.1122
     263       2.2344
     264       2.1206
     265       2.1366
     266       2.2183
     267       2.1159
     268       2.1670
     269       2.0779
     270       2.1357
     271       2.2021
     272       2.2134
     273       2.0911
     274       2.1225
     275       2.1541
     276       2.1876
     277       2.1273
     278       2.1753
     279       2.1839
     280       2.3024
     281       2.0062
     282       2.2104
     283       2.1352
     284       2.1485
     285       2.1157
     286       2.1092
     287       1.9758
     288       2.1643
     289       1.9767
     290       1.9333
     291       1.9892
     292       2.0590
     293       2.0335
     294       1.9898
     295       2.1441
     296       2.1391
     297       2.1055
     298       2.1478
     299       2.1324
     300       2.1519
     301       2.1503
     302       2.1487
     303       2.1912
     304       2.0980
     305       2.1056
     306       2.0588
     307       2.0908
     308       2.1239
     309       1.9994
     310       2.0402
     311       2.1482
     312       2.0901
     313       2.0629
     314       2.1550
     315       2.0961
     316       2.1823
     317       2.1709
     318       2.1824
     319       2.1885
     320       2.1885
     321       2.2071
     322       2.1806
     323       2.2304
     324       2.2089
     325       2.1419
     326       2.1289
     327       2.0465
     328       2.1543
     329       2.1085
     330       2.1357
     331       2.0822
     332       2.1117
     333       2.3284
     334       2.1880
     335       2.1855
     336       2.2303
     337       2.1295
     338       2.1955
     339       2.1942
     340       2.3322
     341       2.1244
     342       2.1235
     343       2.1712
     344       2.1387
     345       2.2939
     346       2.2143
     347       2.2978
     348       2.3144
     349       2.2059
     350       2.1797
     351       2.1847
     352       2.2127
     353       2.1098
     354       2.2965
     355       2.1971
     356       2.1020
     357       2.3017
     358       2.1491
     359       2.1602
     360       2.0818
     361       2.2215
     362       2.0701
     363       2.2709
     364       2.3040
     365       2.2290
     366       2.0499
     367       2.1733
     368       2.2754
     369       2.3648
     370       2.3414
     371       2.1262
     372       2.3091
     373       2.2004
     374       2.2096
     375       2.2790
     376       2.4361
     377       2.2785
     378       2.3195
     379       2.4786
     380       2.7988
     381       2.7388
     382       2.4305
     383       2.4072
     384       2.7551
     385       2.4607
     386       2.4610
     387       2.5030
     388       2.6405
     389       2.4586
     390       2.5423
     391       2.4355
     392       2.4286
     393       2.4759
     394       2.5050
     395       2.5143
     396       2.5375
     397       2.6177
     398       2.5349
     399       2.5018
     400       2.4201
     401       2.4738
     402       2.4723
     403       2.4857
     404       2.6922
     405       2.8037
     406       2.3517
     407       2.5534
     408       2.4948
     409       2.4825
     410       2.4676
     411       2.3527
     412       2.3556
     413       2.5029
     414       2.4790
     415       2.4459
     416       2.4510
     417       2.4363
     418       2.4457
     419       2.7102
     420       2.2849
     421       2.2750
     422       2.3462
     423       2.3344
     424       2.3456
     425       2.3092
     426       2.3956
     427       2.3634
     428       2.2732
     429       2.5759
     430       2.5025
     431       2.6062
     432       2.4774
     433       2.4596
     434       2.6385
     435       2.4685
     436       2.4458
     437       2.4915
     438       2.5077
     439       2.4594
     440       2.4869
     441       2.5563
     442       2.5344
     443       2.7751
     444       2.4534
     445       2.5360
     446       2.5080
     447       2.5257
     448       2.5345
     449       2.2031
     450       2.4288
     451       2.3193
     452       2.3848
     453       2.4394
     454       2.4343
     455       2.5195
     456       2.4237
     457       2.4428
     458       2.5468
     459       2.3527
     460       2.4174
     461       2.2569
     462       2.3218
     463       2.2834
     464       2.4328
     465       2.4956
     466       2.3644
     467       2.3600
     468       2.6057
     469       2.2703
     470       2.4793
     471       2.5436
     472       2.3285
     473       2.3093
     474       2.4927
     475       2.4480
     476       2.3093
     477       2.2795
     478       2.3663
     479       2.2536
     480       2.2128
     481       2.3172
     482       2.2629
     483       2.2759
     484       2.1577
     485       2.0767
     486       2.2701
     487       2.2105
     488       2.3827
     489       2.2932
     490       2.3726
     491       2.3317
     492       2.0979
     493       2.3698
     494       2.3773
     495       2.4376
     496       2.4377
     497       2.4491
     498       2.2437
     499       2.3557
     500       2.5662
     501       2.4618
     502       2.8416
     503       2.4594
     504       2.3534
     505       2.1871
     506       2.1322
     507       2.4263
     508       2.3315
     509       2.3635
     510       2.3097
     511       2.0306
     512       2.1560
     513       2.1121
     514       2.2818
     515       1.9584
     516       2.1001
     517       2.1473
     518       2.0138
     519       2.1086
     520       2.0310
     521       2.1377
     522       2.0676
     523       2.0501
     524       2.0642
     525       2.1712
     526       2.0536
     527       2.2077
     528       2.1957
     529       2.1853
     530       2.1842
     531       2.3658
     532       2.2413
     533       2.3659
     534       2.2938
     535       2.1978
     536       2.3186
     537       2.2365
     538       2.4251
     539       2.2088
     540       2.1407
     541       2.1276
     542       2.1652
     543       2.2158
     544       2.2328
     545       2.3507
     546       2.2218
     547       2.3130
     548       2.1734
     549       2.2609
     550       2.1982
     551       2.1309
     552       2.3640
     553       2.3764
     554       2.3146
     555       2.2229
     556       2.2370
     557       2.3349
     558       2.3339
     559       2.1731
     560       2.3192
     561       2.4482
     562       2.3460
     563       2.2969
     564       2.3724
     565       2.3792
     566       2.3104
     567       2.1577
     568       2.2017
     569       2.2568
     570       2.3121
     571       2.1949
     572       2.2606
     573       2.1598
     574       2.2041
     575       2.3082
     576       2.2703
     577       2.1532
     578       2.0392
     579       2.3087
     580       2.0707
     581       2.1708
     582       2.2678
     583       2.1796
     584       2.0914
     585       2.0942
     586       2.0772
     587       2.2473
     588       2.1354
     589       2.3640
     590       2.0891
     591       2.1485
     592       2.1687
     593       2.2580
     594       2.4500
     595       2.1666
     596       2.2937
     597       2.2517
     598       2.1555
     599       2.1978
     600       2.5004
     601       2.3580
     602       2.3831
     603       2.2402
     604       2.3406
     605       2.4194
     606       2.4042
     607       2.3802
     608       2.2985
     609       2.4337
     610       2.4301
     611       2.3996
     612       2.5876
     613       2.2002
     614       2.4160
     615       2.2004
     616       2.4186
     617       2.4271
     618       2.4220
     619       2.4175
     620       2.4003
     621       2.4342
     622       2.3410
     623       2.3373
     624       2.3042
     625       2.2988
     626       2.4985
     627       2.4246
     628       2.3043
     629       2.3396
     630       2.2836
     631       2.3647
     632       2.5368
     633       2.4703
     634       2.2985
     635       2.2748
     636       2.3170
     637       2.3567
     638       2.2678
     639       2.2504
     640       2.3291
     641       2.2360
     642       2.4721
     643       2.4075
     644       2.2838
     645       2.3362
     646       2.4555
     647       2.3407
     648       2.3051
     649       2.2603
     650       2.1767
     651       2.1964
     652       2.2540
     653       2.3823
     654       2.1833
     655       2.3596
     656       2.4789
     657       2.6555
     658       2.7575
     659       2.3556
     660       2.4279
     661       2.2156
     662       2.4081
     663       2.4575
     664       2.4685
     665       2.6596
     666       2.4898
     667       2.6081
     668       2.4772
     669       2.4756
     670       2.4186
     671       2.2058
     672       2.1893
     673       2.1730
     674       2.4564
     675       2.5385
     676       2.3392
     677       2.6201
     678       2.4059
     679       2.6928
     680       2.5856
     681       2.5653
     682       2.2320
     683       2.4348
     684       2.4185
     685       2.4552
     686       2.2386
     687       2.1598
     688       2.1732
     689       2.0417
     690       2.3832
     691       2.4765
     692       2.7492
     693       2.4179
     694       2.5358
     695       2.6793
     696       2.5880
     697       2.4358
     698       2.5598
     699       2.3847
     700       2.5587
     701       2.3055
     702       2.2465
     703       2.4393
     704       2.3293
     705       2.4702
     706       2.3183
     707       2.3503
     708       2.4993
     709       2.4233
     710       2.4018
     711       2.2925
     712       2.3770
     713       2.2177
     714       2.3420
     715       2.3530
     716       2.5175
     717       2.3324
     718       2.4404
     719       2.5724
     720       2.3881
     721       2.4756
     722       2.2597
     723       2.2790
     724       2.1453
     725       2.1882
     726       2.4620
     727       2.2786
     728       2.2515
     729       2.2686
     730       2.2737
     731       2.3653
     732       2.4096
     733       2.4520
     734       2.3250
     735       2.4567
     736       2.4946
     737       2.5756
     738       2.4985
     739       2.4377
     740       2.3931
     741       2.3932
     742       2.3058
     743       2.2812
     744       2.4423
     745       2.1748
     746       2.4291
     747       2.3883
     748       2.4261
     749       2.2064
     750       2.2445
     751       2.1907
     752       2.1590
     753       2.2073
     754       2.2535
     755       2.2011
     756       2.2138
     757       2.1901
     758       2.3071
     759       2.3898
     760       2.3961
     761       2.3456
     762       2.3280
     763       2.4968
     764       2.3420
     765       2.4517
     766       2.3537
     767       2.3389
     768       2.3254
     769       2.4029
     770       2.4432
     771       2.5551
     772       2.5360
     773       2.6339
     774       2.5141
     775       2.5982
     776       2.5434
     777       2.5266
     778       2.4239
     779       2.4001
     780       2.5404
     781       2.3079
     782       2.3614
     783       2.2557
     784       2.2966
     785       2.0791
     786       2.3280
     787       2.3254
     788       2.3852
     789       2.3459
     790       2.3275
     791       2.2836
     792       2.3324
     793       2.1978
     794       2.3571
     795       2.5972
     796       2.5118
     797       2.2545
     798       2.3887
     799       2.2641
     800       2.2776
     801       2.4211
     802       2.3625
     803       2.4138
     804       2.0743
     805       2.1652
     806       2.3070
     807       2.2114
     808       2.2663
     809       2.2229
     810       2.1401
     811       2.3211
     812       2.3388
     813       2.3835
     814       2.3147
     815       2.2530
     816       2.2859
     817       2.3861
     818       2.3980
     819       2.3836
     820       2.3358
     821       2.3577
     822       2.4818
     823       2.5403
     824       2.3110
     825       2.2968
     826       2.5196
     827       2.5759
     828       2.4135
     829       2.7719
     830       2.5594
     831       2.5775
     832       2.5664
     833       2.5044
     834       2.8062
     835       2.8308
     836       2.7096
     837       2.7529
     838       2.6277
     839       2.7013
     840       2.7529
     841       2.6652
     842       2.6360
     843       2.7874
     844       2.5818
     845       2.5073
     846       2.5489
     847       2.4808
     848       2.5638
     849       2.4915
     850       2.6326
     851       2.6825
     852       2.5738
     853       2.5253
     854       2.5962
     855       2.7515
     856       2.4446
     857       2.4356
     858       2.5460
     859       2.5151
     860       2.3988
     861       2.4808
     862       2.4415
     863       2.4006
     864       2.4080
     865       2.6708
     866       2.5956
     867       2.7299
     868       2.7037
     869       2.5562
     870       2.5600
     871       2.6069
     872       2.8562
     873       2.4676
     874       2.5946
     875       2.5886
     876       2.7471
     877       2.6992
     878       2.7100
     879       2.5418
     880       2.5272
     881       2.3726
     882       2.3035
     883       2.3584
     884       2.4376
     885       2.4741
     886       2.5800
     887       2.6917
     888       2.6106
     889       2.5459
     890       2.3457
     891       2.1773
     892       2.3128
     893       2.3064
     894       2.3545
     895       2.5654
     896       2.3713
     897       2.6658
     898       2.4409
     899       2.4178
     900       2.5276
     901       2.6518
     902       2.7244
     903       2.6270
     904       2.6054
     905       2.6445
     906       2.2675
     907       2.3218
     908       2.4746
     909       2.4579
     910       2.3408
     911       2.3891
     912       2.4481
     913       2.5071
     914       2.5716
     915       2.7356
     916       2.5446
     917       2.5005
     918       2.5776
     919       2.5716
     920       2.4061
     921       2.4194
     922       2.4243
     923       2.2984
     924       2.4843
     925       2.4505
     926       2.4598
     927       2.4164
     928       2.4761
     929       2.3939
     930       2.4881
     931       2.6221
     932       2.7969
     933       2.4918
     934       2.7710
     935       2.5393
     936       2.5370
     937       2.5315
     938       2.4518
     939       2.4621
     940       2.5079
     941       2.5295
     942       2.4970
     943       2.3721
     944       2.4396
     945       2.5112
     946       2.4690
     947       2.4846
     948       2.5618
     949       2.5656
     950       2.7301
     951       2.5782
     952       2.6362
     953       2.5103
     954       2.4932
     955       2.6679
     956       2.3877
     957       2.5208
     958       2.5016
     959       2.6608
     960       2.6829
     961       2.4624
     962       2.4999
     963       2.4184
     964       2.4724
     965       2.6746
     966       2.4618
     967       2.6345
     968       2.5783
     969       2.4471
     970       2.3934
     971       2.4635
     972       2.4411
     973       2.4129
     974       2.3868
     975       2.5949
     976       2.7470
     977       2.8185
     978       2.5867
     979       2.6554
     980       2.7376
     981       2.7685
     982       2.6140
     983       2.4281
     984       2.5046
     985       2.3232
     986       2.5659
     987       2.3259
     988       2.4192
     989       2.3580
     990       2.6508
     991       2.4705
     992       2.6608
     993       2.5351
     994       2.5408
     995       2.6377
     996       2.7744
     997       2.4830
     998       2.8184
     999       2.6826
    1000       2.7498
    1001       3.0449
    1002       2.9803
    1003       2.9106
    1004       2.7388
    1005       2.7559
    1006       2.6384
    1007       2.7851
    1008       2.6847
    1009       2.7125
    1010       2.7345
    1011       2.6932
    1012       2.7442
    1013       2.7632
    1014       2.5643
    1015       2.8335
    1016       2.8806
    1017       2.7215
    1018       2.7410
    1019       2.7259
    1020       2.6313
    1021       2.4715
    1022       2.7395
    1023       2.5740
    1024       2.7762
    1025       2.7115
    1026       2.9723
    1027       3.0702
    1028       3.0167
    1029       2.7936
    1030       3.1458
    1031       2.7202
    1032       2.6376
    1033       2.5863
    1034       2.6785
    1035       2.9745
    1036       3.0997
    1037       3.0951
    1038       3.0368
    1039       3.0188
    1040       2.9481
    1041       3.0029
    1042       2.8866
    1043       2.8889
    1044       2.8232
    1045       3.0656
    1046       2.9444
    1047       3.1476
    1048       2.8709
    1049       2.6814
    1050       2.8275
    1051       3.0457
    1052       2.8088
    1053       3.0547
    1054       2.8869
    1055       3.0396
    1056       3.3134
    1057       3.1917
    1058       3.2607
    1059       3.4898
    1060       3.3492
    1061       3.1094
    1062       3.2238
    1063       3.1276
    1064       3.2430
    1065       3.3471
    1066       3.3514
    1067       3.1082
    1068       3.1491
    1069       3.2986
    1070       3.4240
    1071       3.4105
    1072       3.5836
    1073       3.1516
    1074       3.3052
    1075       3.3136
    1076       3.6135
    1077       3.2303
    1078       3.2524
    1079       3.2189
    1080       3.1484
    1081       3.1533
    1082       3.2090
    1083       3.3206
    1084       3.0978
    1085       3.1884
    1086       3.3328
    1087       2.9785
    1088       3.1858
    1089       3.4534
    1090       3.3379
    1091       3.0229
    1092       3.0259
    1093       3.1568
    1094       3.2310
    1095       2.8733
    1096       2.8744
    1097       3.1365
    1098       2.8626
    1099       3.1713
    1100       2.9987
    1101       2.9649
    1102       3.1039
    1103       2.8731
    1104       2.9341
    1105       2.9671
    1106       3.1404
    1107       3.0386
    1108       2.9537
    1109       3.1210
    1110       3.1917
    1111       3.1019
    1112       3.1701
    1113       3.1713
    1114       3.3498
    1115       3.3133
    1116       3.3967
    1117       3.1463
    1118       3.4482
    1119       3.2533
    1120       3.5642
    1121       3.5443
    1122       3.3194
    1123       3.2817
    1124       3.3995
    1125       3.6047
    1126       3.3182
    1127       3.4575
    1128       3.2241
    1129       3.2821
    1130       3.4381
    1131       3.0724
    1132       3.1239
    1133       3.0353
    1134       3.1785
    1135       3.0011
    1136       3.0407
    1137       2.9800
    1138       3.0484
    1139       2.8966
    1140       2.9709
    1141       2.8874
    1142       2.9424
    1143       2.9177
    1144       3.1770
    1145       3.1595
    1146       3.3081
    1147       2.9281
    1148       3.0036
    1149       3.1066
    1150       2.9131
    1151       3.2550
    1152       3.2510
    1153       3.1599
    1154       2.9296
    1155       3.2443
    1156       3.1605
    1157       2.9504
    1158       3.0177
    1159       3.0446
    1160       3.3492
    1161       3.2767
    1162       3.2902
    1163       3.3676
    1164       3.3779
    1165       3.3623
    1166       3.2785
    1167       3.3164
    1168       3.2856
    1169       3.4155
    1170       3.3962
    1171       3.3621
    1172       3.2569
    1173       3.0512
    1174       3.1728
    1175       3.4965
    1176       3.1588
    1177       3.0825
    1178       2.9351
    1179       3.1898
    1180       2.9712
    1181       3.2203
    1182       3.3407
    1183       3.2520
    1184       3.3571
    1185       3.4958
    1186       3.2500
    1187       3.1390
    1188       3.1357
    1189       3.2643
    1190       2.8819
    1191       2.9102
    1192       2.9410
    1193       3.0346
    1194       2.7009
    1195       2.7405
    1196       2.6306
    1197       2.8106
    1198       3.0186
    1199       2.9759
    1200       3.0972
    1201       3.0237
    1202       3.1017
    1203       3.2250
    1204       3.1940
    1205       3.2228
    1206       3.0416
    1207       3.0504
    1208       3.0420
    1209       3.0415
    1210       3.2002
    1211       3.2824
    1212       3.2631
    1213       3.4425
    1214       3.0992
    1215       3.1041
    1216       3.1296
    1217       3.1142
    1218       3.3256
    1219       2.9422
    1220       3.2532
    1221       3.1904
    1222       3.2561
    1223       3.2138
    1224       3.1521
    1225       3.1978
    1226       3.0305
    1227       3.2528
    1228       2.9889
    1229       3.2386
    1230       3.0721
    1231       3.1549
    1232       3.2030
    1233       2.7872
    1234       2.8037
    1235       2.7664
    1236       2.8362
    1237       2.8137
    1238       2.9438
    1239       2.6757
    1240       3.0161
    1241       3.1569
    1242       3.2004
    1243       2.8086
    1244       2.7401
    1245       3.0442
    1246       3.0519
    1247       3.0674
    1248       3.0713
    1249       3.0158
    1250       2.9087
    1251       3.1436
    1252       3.1169
    1253       2.8936
    1254       2.9387
    1255       2.7877
    1256       2.7692
    1257       2.7862
    1258       2.6025
    1259       2.7858
    1260       2.5872
    1261       2.5473
    1262       2.7818
    1263       2.7038
    1264       2.7581
    1265       2.6658
    1266       2.6306
    1267       2.8117
    1268       2.8218
    1269       2.8638
    1270       2.5377
    1271       2.6943
    1272       2.6696
    1273       2.5389
    1274       2.4523
    1275       2.5092
    1276       2.5924
    1277       2.7410
    1278       2.7092
    1279       2.6554
    1280       2.7061
    1281       2.7391
    1282       2.7460
    1283       2.6321
    1284       2.7050
    1285       2.8813
    1286       2.7812
    1287       2.9531
    1288       3.0093
    1289       3.0351
    1290       3.0293
    1291       3.1493
    1292       3.0745
    1293       3.1265
    1294       3.0742
    1295       3.1139
    1296       3.1511
    1297       2.9643
    1298       2.9995
    1299       3.2323
    1300       3.0371
    1301       3.2355
    1302       3.2645
    1303       3.1986
    1304       3.3192
    1305       2.9530
    1306       2.8857
    1307       3.1359
    1308       3.1028
    1309       3.1352
    1310       3.3354
    1311       3.2455
    1312       3.0525
    1313       3.1696
    1314       3.2249
    1315       3.0179
    1316       2.9516
    1317       2.9307
    1318       2.8359
    1319       2.8830
    1320       2.6536
    1321       2.7023
    1322       2.6102
    1323       2.7261
    1324       2.6782
    1325       2.6305
    1326       2.7057
    1327       2.7807
    1328       2.7659
    1329       2.6878
    1330       2.5621
    1331       2.4219
    1332       2.6457
    1333       2.5318
    1334       2.4802
    1335       2.4963
    1336       2.5554
    1337       2.4975
    1338       2.5592
    1339       2.7124
    1340       2.7281
    1341       2.8708
    1342       2.6684
    1343       2.6416
    1344       2.6201
    1345       2.7451
    1346       2.7913
    1347       2.8642
    1348       2.6542
    1349       2.8203
    1350       2.9484
    1351       2.7225
    1352       2.6039
    1353       2.7690
    1354       2.9435
    1355       2.6927
    1356       2.8137
    1357       2.8733
    1358       2.8364
    1359       2.9685
    1360       3.0878
    1361       2.9976
    1362       2.8851
    1363       2.7696
    1364       2.9422
    1365       3.0890
    1366       2.7856
    1367       2.8564
    1368       2.6847
    1369       2.6631
    1370       2.7355
    1371       2.9783
    1372       2.7776
    1373       2.6966
    1374       2.7950
    1375       2.8147
    1376       2.8417
    1377       2.7777
    1378       2.9408
    1379       2.8755
    1380       2.5410
    1381       2.6889
    1382       2.7781
    1383       2.7537
    1384       2.6760
    1385       2.6117
    1386       2.7082
    1387       2.7882
    1388       2.6796
    1389       2.4868
    1390       2.6026
    1391       2.5860
    1392       2.5716
    1393       2.5630
    1394       2.5954
    1395       2.7844
    1396       2.5077
    1397       2.6191
    1398       2.7321
    1399       2.5433
    1400       2.4357
    1401       2.5110
    1402       2.5211
    1403       2.4839
    1404       2.5646
    1405       2.4375
    1406       2.4991
    1407       2.5434
    1408       2.4508
    1409       2.5746
    1410       2.5033
    1411       2.4259
    1412       2.5140
    1413       2.3891
    1414       2.4956
    1415       2.6514
    1416       2.4577
    1417       2.4965
    1418       2.4405
    1419       2.5842
    1420       2.6026
    1421       2.4713
    1422       2.4094
    1423       2.4189
    1424       2.4540
    1425       2.3246
    1426       2.4193
    1427       2.6398
    1428       2.4377
    1429       2.4735
    1430       2.5469
    1431       2.7207
    1432       2.5738
    1433       2.5790
    1434       2.6324
    1435       2.6414
    1436       2.7579
    1437       2.8035
    1438       2.8449
    1439       2.6796
    1440       2.6178
    1441       2.6882
    1442       2.4009
    1443       2.3814
    1444       2.5861
    1445       2.6211
    1446       2.5179
    1447       2.4894
    1448       2.5533
    1449       2.5314
    1450       2.4748
    1451       2.5120
    1452       2.3877
    1453       2.4520
    1454       2.2348
    1455       2.3329
    1456       2.2668
    1457       2.3040
    1458       2.3125
    1459       2.3160
    1460       2.4618
    1461       2.3126
    1462       2.3614
    1463       2.2683
    1464       2.3608
    1465       2.3543
    1466       2.4363
    1467       2.3175
    1468       2.2781
    1469       2.4123
    1470       2.4766
    1471       2.3458
    1472       2.4108
    1473       2.3524
    1474       2.4527
    1475       2.3028
    1476       2.3880
    1477       2.3204
    1478       2.3099
    1479       2.4658
    1480       2.4344
    1481       2.4425
    1482       2.4095
    1483       2.3537
    1484       2.4155
    1485       2.4271
    1486       2.4636
    1487       2.3827
    1488       2.5329
    1489       2.6085
    1490       2.5534
    1491       2.5415
    1492       2.3587
    1493       2.3845
    1494       2.2666
    1495       2.4052
    1496       2.3742
    1497       2.4740
    1498       2.6237
    1499       2.5238
    1500       2.3420
    1501       2.4630
    1502       2.6000
    1503       2.6273
    1504       2.4191
    1505       2.4839
    1506       2.5284
    1507       2.6435
    1508       2.6492
    1509       2.5418
    1510       2.6367
    1511       2.5827
    1512       2.5701
    1513       2.6111
    1514       2.6991
    1515       2.5208
    1516       2.5729
    1517       2.3287
    1518       2.2807
    1519       2.3259
    1520       2.4630
    1521       2.4087
    1522       2.4279
    1523       2.5445
    1524       2.4015
    1525       2.4211
    1526       2.5149
    1527       2.4462
    1528       2.4711
    1529       2.4598
    1530       2.6217
    1531       2.5083
    1532       2.4538
    1533       2.5601
    1534       2.4486
    1535       2.3420
    1536       2.5258
    1537       2.5507
    1538       2.6486
    1539       2.6828
    1540       2.6301
    1541       2.7382
    1542       2.5843
    1543       2.5713
    1544       2.5508
    1545       2.6009
    1546       2.4574
    1547       2.5130
    1548       2.6029
    1549       2.5719
    1550       2.5904
    1551       2.3741
    1552       2.4778
    1553       2.6704
    1554       2.5486
    1555       2.5517
    1556       2.6020
    1557       2.5331
    1558       2.5314
    1559       2.6218
    1560       2.6067
    1561       2.4688
    1562       2.4084
    1563       2.4486
    1564       2.5052
    1565       2.5756
    1566       2.6291
    1567       2.4306
    1568       2.5944
    1569       2.6643
    1570       2.7797
    1571       2.6452
    1572       2.7324
    1573       2.7402
    1574       2.7335
    1575       2.7788
    1576       2.7200
    1577       2.7513
    1578       2.7936
    1579       2.6282
    1580       2.6612
    1581       2.6459
    1582       2.6183
    1583       2.5653
    1584       2.6515
    1585       2.7464
    1586       2.5597
    1587       2.8059
    1588       2.6808
    1589       2.6404
    1590       2.8632
    1591       2.8282
    1592       2.7758
    1593       2.8140
    1594       2.8211
    1595       2.9640
    1596       2.6745
    1597       2.5968
    1598       2.5644
    1599       2.5799
    1600       2.6518
    1601       2.6789
    1602       2.5491
    1603       2.5395
    1604       2.5911
    1605       2.5793
    1606       2.5203
    1607       2.6477
    1608       2.5166
    1609       2.2722
    1610       2.3685
    1611       2.3964
    1612       2.3102
    1613       2.4079
    1614       2.4347
    1615       2.5139
    1616       2.5739
    1617       2.6533
    1618       2.5961
    1619       2.5819
    1620       2.5709
    1621       2.7102
    1622       2.5706
    1623       2.6283
    1624       2.7211
    1625       2.5586
    1626       2.5959
    1627       2.8086
    1628       2.6722
    1629       2.6505
    1630       2.8516
    1631       2.7427
    1632       2.7334
    1633       2.8662
    1634       2.7208
    1635       2.7374
    1636       2.6865
    1637       2.6290
    1638       2.5764
    1639       2.7173
    1640       2.5367
    1641       2.5235
    1642       2.4873
    1643       2.4755
    1644       2.4449
    1645       2.5747
    1646       2.7610
    1647       2.4779
    1648       2.4955
    1649       2.4711
    1650       2.5702
    1651       2.6094
    1652       2.4516
    1653       2.6655
    1654       2.6260
    1655       2.2702
    1656       2.3840
    1657       2.3622
    1658       2.4492
    1659       2.3885
    1660       2.2974
    1661       2.5146
    1662       2.5241
    1663       2.5947
    1664       2.5697
    1665       2.6008
    1666       2.6573
    1667       2.7019
    1668       2.6124
    1669       2.6360
    1670       2.5637
    1671       2.5087
    1672       2.6995
    1673       2.6389
    1674       2.4114
    1675       2.5297
    1676       2.4600
    1677       2.4318
    1678       2.5582
    1679       2.4959
    1680       2.5206
    1681       2.4974
    1682       2.3629
    1683       2.4260
    1684       2.3294
    1685       2.1562
    1686       2.2937
    1687       2.3904
    1688       2.2666
    1689       2.3604
    1690       2.4626
    1691       2.2806
    1692       2.3973
    1693       2.3295
    1694       2.4773
    1695       2.3839
    1696       2.5201
    1697       2.4926
    1698       2.4747
    1699       2.5345
    1700       2.3274
    1701       2.3677
    1702       2.4378
    1703       2.3831
    1704       2.3621
    1705       2.5712
    1706       2.5218
    1707       2.6480
    1708       2.4418
    1709       2.4857
    1710       2.3967
    1711       2.6301
    1712       2.3826
    1713       2.4782
    1714       2.4530
    1715       2.4613
    1716       2.4261
    1717       2.3636
    1718       2.3749
    1719       2.4498
    1720       2.3860
    1721       2.3955
    1722       2.4810
    1723       2.5111
    1724       2.5031
    1725       2.5413
    1726       2.3534
    1727       2.4715
    1728       2.4339
    1729       2.6402
    1730       2.4380
    1731       2.6441
    1732       2.5310
    1733       2.5176
    1734       2.3368
    1735       2.3815
    1736       2.3422
    1737       2.4144
    1738       2.3674
    1739       2.3363
    1740       2.4466
    1741       2.3924
    1742       2.4827
    1743       2.4154
    1744       2.3992
    1745       2.4249
    1746       2.4210
    1747       2.5682
    1748       2.5347
    1749       2.4209
    1750       2.4017
    1751       2.3452
    1752       2.4984
    1753       2.4857
    1754       2.4149
    1755       2.4467
    1756       2.5761
    1757       2.4814
    1758       2.4011
    1759       2.4903
    1760       2.4086
    1761       2.2919
    1762       2.3336
    1763       2.1908
    1764       2.3308
    1765       2.2550
    1766       2.3075
    1767       2.5396
    1768       2.5297
    1769       2.5519
    1770       2.4631
    1771       2.4836
    1772       2.5505
    1773       2.4718
    1774       2.4121
    1775       2.5259
    1776       2.5045
    1777       2.4865
    1778       2.3703
    1779       2.4437
    1780       2.4118
    1781       2.3548
    1782       2.4810
    1783       2.3965
    1784       2.5218
    1785       2.5321
    1786       2.7803
    1787       2.7010
    1788       2.5122
    1789       2.5916
    1790       2.4635
    1791       2.4835
    1792       2.4375
    1793       2.4683
    1794       2.3536
    1795       2.3526
    1796       2.4158
    1797       2.5701
    1798       2.4239
    1799       2.4524
    1800       2.4379
    1801       2.4321
    1802       2.3425
    1803       2.4468
    1804       2.5126
    1805       2.3736
    1806       2.4922
    1807       2.6263
    1808       2.4464
    1809       2.4819
    1810       2.6061
    1811       2.6901
    1812       2.4327
    1813       2.4651
    1814       2.4208
    1815       2.5090
    1816       2.3968
    1817       2.2465
    1818       2.4381
    1819       2.3386
    1820       2.4109
    1821       2.3446
    1822       2.2776
    1823       2.2710
    1824       2.2992
    1825       2.4329
    1826       2.4108
    1827       2.3268
    1828       2.3960
    1829       2.4307
    1830       2.3643
    1831       2.4177
    1832       2.4127
    1833       2.6119
    1834       2.5349
    1835       2.5717
    1836       2.7847
    1837       2.4882
    1838       2.6144
    1839       2.5280
    1840       2.5061
    1841       2.4481
    1842       2.4546
    1843       2.3787
    1844       2.4176
    1845       2.5766
    1846       2.4259
    1847       2.5712
    1848       2.3638
    1849       2.4759
    1850       2.4909
    1851       2.5029
    1852       2.4967
    1853       2.5666
    1854       2.5486
    1855       2.5242
    1856       2.5480
    1857       2.5269
    1858       2.3746
    1859       2.5615
    1860       2.5990
    1861       2.5829
    1862       2.4576
    1863       2.4877
    1864       2.5169
    1865       2.4942
    1866       2.5639
    1867       2.5812
    1868       2.4928
    1869       2.5351
    1870       2.4741
    1871       2.5254
    1872       2.6373
    1873       2.5546
    1874       2.5076
    1875       2.5112
    1876       2.6073
    1877       2.5112
    1878       2.5042
    1879       2.5817
    1880       2.4737
    1881       2.4957
    1882       2.4979
    1883       2.4694
    1884       2.6058
    1885       2.4792
    1886       2.6896
    1887       2.6428
    1888       2.5973
    1889       2.6237
    1890       2.4696
    1891       2.5729
    1892       2.5435
    1893       2.4632
    1894       2.6722
    1895       2.4487
    1896       2.4726
    1897       2.5637
    1898       2.4346
    1899       2.5181
    1900       2.3116
    1901       2.4418
    1902       2.3845
    1903       2.3875
    1904       2.5671
    1905       2.4042
    1906       2.6430
    1907       2.5296
    1908       2.5028
    1909       2.5240
    1910       2.3569
    1911       2.4755
    1912       2.5078
    1913       2.5649
    1914       2.4326
    1915       2.4623
    1916       2.4636
    1917       2.5755
    1918       2.6396
    1919       2.6200
    1920       2.6662
    1921       2.5995
    1922       2.6425
    1923       2.5536
    1924       2.5175
    1925       2.5621
    1926       2.7646
    1927       2.5183
    1928       2.6907
    1929       2.4817
    1930       2.5428
    1931       2.6300
    1932       2.4382
    1933       2.6066
    1934       2.6174
    1935       2.5402
    1936       2.8003
    1937       2.6132
    1938       2.7687
    1939       2.8008
    1940       2.5414
    1941       2.6144
    1942       2.5270
    1943       2.6489
    1944       2.6377
    1945       2.5625
    1946       2.6393
    1947       2.6960
    1948       2.6566
    1949       2.8952
    1950       2.7428
    1951       2.7454
    1952       2.7053
    1953       2.6334
    1954       2.6102
    1955       2.5950
    1956       2.4842
    1957       2.5326
    1958       2.4598
    1959       2.6144
    1960       2.6480
    1961       2.6006
    1962       2.5323
    1963       2.6498
    1964       2.6405
    1965       2.4503
    1966       2.5080
    1967       2.5178
    1968       2.5816
    1969       2.5562
    1970       2.6329
    1971       2.5265
    1972       2.7249
    1973       2.7381
    1974       2.6177
    1975       2.6673
    1976       2.7445
    1977       2.6069
    1978       2.7658
    1979       2.7242
    1980       2.7107
    1981       2.6614
    1982       2.6672
    1983       2.7963
    1984       2.7332
    1985       2.6189
    1986       2.7989
    1987       2.6908
    1988       2.7021
    1989       2.4992
    1990       2.5789
    1991       2.6039
    1992       2.7167
    1993       2.5997
    1994       2.7130
    1995       2.5902
    1996       2.4733
    1997       2.6769
    1998       2.5065
    1999       2.6557
    2000       2.7441
    2001       2.6494
    2002       2.8938
    2003       2.6671
    2004       2.6796
    2005       2.7851
    2006       2.7922
