#Frame            pro
       1       0.0000
       2       0.8779
       3       0.8159
       4       0.9856
       5       0.9917
       6       0.9415
       7       0.9847
       8       0.9731
       9       1.0125
      10       1.1123
      11       1.1453
      12       1.1414
      13       1.1575
      14       1.0652
      15       1.1242
      16       1.3282
      17       1.1975
      18       1.2270
      19       1.0950
      20       1.1939
      21       1.4086
      22       1.3441
      23       1.3001
      24       1.1699
      25       1.3868
      26       1.6083
      27       1.3204
      28       1.3302
      29       1.3027
      30       1.4536
      31       1.3504
      32       1.4551
      33       1.3875
      34       1.3475
      35       1.3954
      36       1.3656
      37       1.4242
      38       1.4815
      39       1.3237
      40       1.4333
      41       1.3961
      42       1.4199
      43       1.3714
      44       1.4014
      45       1.4732
      46       1.5918
      47       1.6115
      48       1.4547
      49       1.5384
      50       1.5880
      51       1.5551
      52       1.6704
      53       1.7269
      54       1.5879
      55       1.6428
      56       1.6314
      57       1.6333
      58       1.6155
      59       1.6331
      60       1.6115
      61       1.6942
      62       1.6465
      63       1.5309
      64       1.6678
      65       1.6784
      66       1.8210
      67       1.6402
      68       1.7053
      69       1.5778
      70       1.5181
      71       1.4312
      72       1.4291
      73       1.4519
      74       1.4803
      75       1.5063
      76       1.5752
      77       1.5084
      78       1.5874
      79       1.5806
      80       1.5177
      81       1.4677
      82       1.5518
      83       1.5139
      84       1.6036
      85       1.7036
      86       1.7079
      87       1.6500
      88       1.7460
      89       1.7259
      90       1.6775
      91       1.7119
      92       1.6465
      93       1.7760
      94       1.7182
      95       1.7984
      96       1.6034
      97       1.7406
      98       1.7381
      99       1.6423
     100       1.8847
     101       1.8493
     102       1.6615
     103       1.7775
     104       1.7639
     105       1.8455
     106       1.8391
     107       1.9161
     108       1.8449
     109       1.6989
     110       1.7143
     111       1.6628
     112       1.7730
     113       1.9704
     114       1.7141
     115       1.7700
     116       1.7451
     117       1.7393
     118       1.7285
     119       1.7297
     120       1.8047
     121       1.7497
     122       1.8127
     123       1.7923
     124       1.8552
     125       1.8079
     126       1.9167
     127       1.8005
     128       1.8717
     129       1.8247
     130       1.7456
     131       1.7733
     132       1.8566
     133       1.7228
     134       1.7994
     135       1.7895
     136       1.9586
     137       1.8675
     138       1.9101
     139       1.8128
     140       1.7305
     141       1.9165
     142       1.8522
     143       1.9516
     144       1.8711
     145       1.8484
     146       1.7646
     147       1.8389
     148       1.8383
     149       1.8543
     150       1.8591
     151       1.7616
     152       1.7984
     153       1.7187
     154       1.8327
     155       1.8619
     156       1.7482
     157       1.6721
     158       1.7484
     159       1.7705
     160       1.6661
     161       1.7956
     162       1.9332
     163       1.7629
     164       1.7280
     165       1.7554
     166       1.7155
     167       1.7193
     168       1.7207
     169       1.7616
     170       1.7842
     171       1.6161
     172       1.7623
     173       1.7139
     174       1.7664
     175       1.8010
     176       1.9221
     177       1.7172
     178       1.7411
     179       1.6086
     180       1.6822
     181       1.6277
     182       1.8155
     183       1.7217
     184       1.7544
     185       1.8087
     186       1.7834
     187       1.8626
     188       1.7938
     189       1.7397
     190       1.7322
     191       1.7825
     192       1.6653
     193       1.6874
     194       1.7413
     195       1.6804
     196       1.7277
     197       1.8368
     198       1.7500
     199       1.7860
     200       1.7637
     201       1.8067
     202       1.6853
     203       1.7501
     204       1.7871
     205       1.7275
     206       1.7489
     207       1.7931
     208       1.8338
     209       1.8099
     210       1.7955
     211       1.9600
     212       1.8751
     213       1.7352
     214       1.8918
     215       2.0728
     216       1.8297
     217       1.8892
     218       1.7111
     219       1.8634
     220       1.7252
     221       1.9761
     222       1.8090
     223       1.9370
     224       1.8965
     225       1.9537
     226       1.9110
     227       2.0315
     228       2.0286
     229       1.8091
     230       1.9212
     231       1.7973
     232       1.8581
     233       1.8991
     234       1.8727
     235       1.8329
     236       1.9829
     237       1.7060
     238       1.8668
     239       2.0293
     240       1.9391
     241       1.8227
     242       2.0103
     243       1.9450
     244       1.9665
     245       1.8285
     246       1.9383
     247       2.0206
     248       1.9236
     249       1.9185
     250       1.9262
     251       1.9952
     252       1.9031
     253       1.7940
     254       1.7550
     255       1.6623
     256       1.7416
     257       1.8562
     258       1.8702
     259       1.9113
     260       1.7073
     261       1.9297
     262       1.7926
     263       1.9255
     264       1.8800
     265       2.0243
     266       1.9679
     267       1.8787
     268       1.9893
     269       2.0521
     270       1.9121
     271       1.9279
     272       1.9315
     273       1.8001
     274       1.9768
     275       1.9130
     276       1.9469
     277       1.6889
     278       1.8124
     279       1.7923
     280       1.9706
     281       1.8113
     282       1.9036
     283       1.7748
     284       1.8301
     285       1.9377
     286       2.0056
     287       1.8020
     288       1.7172
     289       1.8736
     290       1.8076
     291       1.8971
     292       1.8914
     293       1.8154
     294       1.9432
     295       1.9558
     296       1.7280
     297       1.8509
     298       1.8000
     299       1.7612
     300       1.6484
     301       1.6751
     302       1.7839
     303       1.8578
     304       1.8264
     305       1.8058
     306       1.8435
     307       1.8592
     308       1.7594
     309       1.7100
     310       1.8243
     311       1.7820
     312       1.9561
     313       1.8980
     314       1.7728
     315       1.8135
     316       1.8230
     317       1.8290
     318       1.7160
     319       1.9902
     320       1.8814
     321       1.8528
     322       1.8212
     323       1.7614
     324       1.7542
     325       1.7382
     326       1.7181
     327       1.7520
     328       1.7410
     329       1.8229
     330       1.9123
     331       1.8926
     332       1.8606
     333       1.7145
     334       1.8542
     335       1.8621
     336       1.8708
     337       1.9665
     338       1.9174
     339       1.8631
     340       1.8383
     341       1.8777
     342       1.9249
     343       1.9499
     344       1.7838
     345       1.9685
     346       1.8144
     347       1.9091
     348       2.0120
     349       1.9523
     350       1.8571
     351       1.8312
     352       1.8196
     353       1.7593
     354       1.8790
     355       1.7932
     356       1.7943
     357       1.8721
     358       1.8061
     359       1.7794
     360       1.8704
     361       2.0371
     362       1.8848
     363       1.7540
     364       1.9582
     365       1.8497
     366       1.8290
     367       1.8637
     368       1.8581
     369       1.8204
     370       1.9002
     371       1.8584
     372       1.9548
     373       1.7975
     374       1.9048
     375       1.7310
     376       1.9417
     377       1.8871
     378       1.8318
     379       1.7604
     380       1.8024
     381       1.9987
     382       1.8755
     383       1.9888
     384       1.8852
     385       1.8151
     386       1.9437
     387       1.8923
     388       1.9435
     389       1.9166
     390       1.8817
     391       1.8991
     392       1.6894
     393       1.7338
     394       1.7952
     395       1.8370
     396       1.7242
     397       1.8492
     398       1.7783
     399       1.7250
     400       1.7159
     401       1.7185
     402       1.9019
     403       1.7880
     404       1.9012
     405       1.8716
     406       1.9656
     407       1.9340
     408       1.9027
     409       1.8996
     410       1.8606
     411       1.9542
     412       1.9059
     413       1.9618
     414       1.9645
     415       1.8905
     416       1.8722
     417       1.9129
     418       1.8394
     419       1.9289
     420       1.8849
     421       1.7943
     422       2.1415
     423       1.8495
     424       1.9426
     425       1.8288
     426       1.8344
     427       1.8090
     428       1.8592
     429       1.7777
     430       1.8155
     431       1.8240
     432       1.7546
     433       1.8244
     434       1.7736
     435       1.8007
     436       1.7379
     437       1.6875
     438       1.8109
     439       1.7460
     440       1.7477
     441       1.8017
     442       1.8783
     443       1.8831
     444       1.7109
     445       1.7738
     446       1.7445
     447       1.7026
     448       1.8052
     449       1.7671
     450       1.6890
     451       1.7998
     452       1.7805
     453       1.7447
     454       1.6975
     455       1.8554
     456       1.7147
     457       1.7652
     458       1.7679
     459       1.7967
     460       1.7644
     461       1.7166
     462       1.8322
     463       1.8684
     464       1.8312
     465       1.8083
     466       1.8720
     467       1.8004
     468       1.7148
     469       1.7155
     470       1.8001
     471       1.8311
     472       1.8254
     473       1.7372
     474       1.7373
     475       1.7071
     476       1.7726
     477       1.7644
     478       1.6399
     479       1.6149
     480       1.7123
     481       1.7641
     482       1.7179
     483       1.6948
     484       1.8445
     485       1.8697
     486       1.8161
     487       1.9790
     488       1.7588
     489       1.8972
     490       1.7977
     491       1.7864
     492       1.6135
     493       1.7595
     494       1.8623
     495       1.6962
     496       1.7959
     497       1.8673
     498       1.8668
     499       1.8955
     500       1.8063
     501       1.7563
     502       1.7145
     503       1.7961
     504       1.8302
     505       1.7844
     506       1.8757
     507       1.8652
     508       1.8058
     509       1.9260
     510       1.8518
     511       1.8601
     512       1.9341
     513       1.9255
     514       1.9181
     515       1.8832
     516       1.8697
     517       1.8617
     518       1.9320
     519       1.9510
     520       1.9394
     521       2.0415
     522       1.8310
     523       1.9202
     524       1.8876
     525       2.0332
     526       1.9990
     527       1.8311
     528       1.8844
     529       1.8617
     530       1.9674
     531       1.9345
     532       2.0932
     533       2.0119
     534       1.9584
     535       1.9489
     536       1.9346
     537       1.8752
     538       1.7726
     539       1.9930
     540       1.9779
     541       2.0256
     542       2.0588
     543       1.8516
     544       1.8745
     545       1.8112
     546       1.8189
     547       1.9568
     548       1.8937
     549       1.8193
     550       1.8955
     551       1.9746
     552       1.8799
     553       1.9322
     554       2.0691
     555       1.8731
     556       1.8629
     557       2.0275
     558       1.9168
     559       1.8203
     560       1.9341
     561       1.9469
     562       1.9121
     563       1.8078
     564       1.8743
     565       1.7766
     566       1.7500
     567       1.7327
     568       1.7980
     569       1.7791
     570       1.6012
     571       1.7289
     572       1.7400
     573       1.8369
     574       1.8063
     575       1.8215
     576       1.8319
     577       1.7515
     578       1.8235
     579       1.8514
     580       1.7173
     581       1.8525
     582       1.7463
     583       1.8430
     584       1.9210
     585       1.8209
     586       1.7004
     587       1.7374
     588       1.7282
     589       1.9125
     590       1.7594
     591       1.8140
     592       1.8746
     593       1.7476
     594       1.8002
     595       1.9904
     596       1.8666
     597       1.8618
     598       1.8202
     599       1.8181
     600       1.9850
     601       1.8395
     602       1.8278
     603       1.8528
     604       1.7992
     605       1.9751
     606       1.8999
     607       1.9074
     608       1.8015
     609       1.7739
     610       1.7535
     611       1.8345
     612       1.8458
     613       1.8065
     614       1.8274
     615       1.7004
     616       1.7781
     617       1.7797
     618       1.7171
     619       1.8173
     620       1.8564
     621       1.7887
     622       1.8376
     623       1.7935
     624       1.8597
     625       1.7996
     626       1.8259
     627       1.8098
     628       1.7903
     629       1.7418
     630       1.7610
     631       1.8389
     632       1.8339
     633       1.7881
     634       1.7483
     635       1.8694
     636       1.7857
     637       1.8724
     638       1.8628
     639       1.8387
     640       1.7419
     641       1.6675
     642       1.9311
     643       1.8049
     644       1.7756
     645       1.7300
     646       1.6858
     647       1.7314
     648       1.7254
     649       1.7459
     650       1.8283
     651       1.9410
     652       1.8542
     653       1.8123
     654       1.7546
     655       1.7874
     656       1.9258
     657       1.7343
     658       1.8833
     659       1.9667
     660       1.8039
     661       1.8038
     662       1.9999
     663       1.9038
     664       1.9625
     665       1.9191
     666       2.1057
     667       2.0320
     668       1.8870
     669       2.1739
     670       2.0649
     671       1.9546
     672       2.0386
     673       2.0800
     674       2.0152
     675       2.0500
     676       1.9607
     677       2.0024
     678       2.0055
     679       1.9339
     680       1.9027
     681       1.9005
     682       1.9101
     683       1.8719
     684       1.8435
     685       1.9816
     686       1.8552
     687       1.9583
     688       1.8270
     689       1.9019
     690       1.9083
     691       1.8630
     692       1.9243
     693       2.0364
     694       1.9053
     695       1.8850
     696       1.9427
     697       1.9999
     698       1.9302
     699       1.8647
     700       1.8787
     701       1.8535
     702       1.8049
     703       1.9388
     704       1.9780
     705       1.8430
     706       1.8471
     707       1.8728
     708       1.9252
     709       1.8477
     710       1.7813
     711       1.8885
     712       1.7747
     713       1.8063
     714       1.8412
     715       1.8749
     716       1.8903
     717       1.8526
     718       1.8772
     719       1.8961
     720       1.9115
     721       1.8510
     722       1.7864
     723       1.8050
     724       1.8904
     725       1.9113
     726       1.9328
     727       1.7818
     728       1.8031
     729       1.8037
     730       1.8533
     731       1.8747
     732       1.8208
     733       1.7723
     734       1.7960
     735       1.7603
     736       1.7452
     737       1.8136
     738       1.8185
     739       1.9915
     740       1.7717
     741       1.7332
     742       1.8771
     743       1.6584
     744       1.7403
     745       1.7574
     746       1.7620
     747       1.8547
     748       1.8149
     749       1.8847
     750       1.8228
     751       1.9196
     752       1.9730
     753       1.7683
     754       1.7907
     755       1.7885
     756       1.8105
     757       1.8105
     758       1.8055
     759       1.8084
     760       1.9505
     761       1.8623
     762       1.8973
     763       1.8308
     764       1.7598
     765       1.7215
     766       1.8448
     767       1.8125
     768       1.7707
     769       1.9878
     770       1.7841
     771       1.8261
     772       1.8003
     773       1.7367
     774       1.8038
     775       1.8953
     776       1.8387
     777       1.8527
     778       1.7546
     779       1.8175
     780       1.7776
     781       1.7445
     782       1.7658
     783       1.7590
     784       1.7972
     785       1.7410
     786       1.7708
     787       1.8450
     788       1.8978
     789       1.7861
     790       1.9770
     791       1.8684
     792       1.9181
     793       1.7992
     794       1.8302
     795       1.9473
     796       1.7699
     797       1.9200
     798       1.8083
     799       1.9044
     800       1.9076
     801       1.8539
     802       1.9348
     803       2.0191
     804       1.8271
     805       1.8428
     806       1.7960
     807       1.8153
     808       1.9729
     809       1.8734
     810       1.8769
     811       2.0264
     812       1.9597
     813       2.0292
     814       2.0435
     815       2.0774
     816       1.9177
     817       1.9852
     818       1.9485
     819       1.9864
     820       2.0741
     821       1.9531
     822       2.0381
     823       1.9248
     824       2.0066
     825       1.9465
     826       1.9517
     827       1.9309
     828       2.0151
     829       1.8970
     830       2.0696
     831       1.9696
     832       2.1004
     833       2.0617
     834       2.0187
     835       1.8513
     836       1.9198
     837       1.9545
     838       1.9831
     839       1.8939
     840       1.9189
     841       1.9343
     842       2.0691
     843       2.0346
     844       1.9336
     845       2.0299
     846       1.9519
     847       1.9864
     848       1.9649
     849       2.0287
     850       2.0036
     851       1.9435
     852       2.0089
     853       1.9847
     854       2.1077
     855       2.0686
     856       2.0366
     857       2.0233
     858       2.0380
     859       1.9446
     860       2.0306
     861       2.1511
     862       2.0356
     863       2.1193
     864       2.1357
     865       2.0007
     866       1.9851
     867       1.9776
     868       1.9480
     869       1.9910
     870       1.9399
     871       1.9017
     872       2.0234
     873       2.0466
     874       1.9985
     875       1.9900
     876       2.0276
     877       2.0875
     878       2.0580
     879       1.9769
     880       2.0395
     881       2.0825
     882       2.1668
     883       2.0600
     884       2.0602
     885       2.0069
     886       1.9771
     887       1.9191
     888       1.9937
     889       1.9887
     890       1.9495
     891       1.9999
     892       1.9814
     893       1.9469
     894       1.9955
     895       2.0249
     896       1.8446
     897       2.0449
     898       1.9877
     899       1.9771
     900       1.9303
     901       2.0526
     902       1.9726
     903       2.1105
     904       2.3082
     905       2.1590
     906       2.0510
     907       2.1502
     908       1.9343
     909       2.0510
     910       2.1289
     911       2.1411
     912       2.0592
     913       2.0710
     914       2.0847
     915       2.0750
     916       2.1325
     917       2.0668
     918       2.0432
     919       2.0947
     920       1.9864
     921       2.0030
     922       1.9981
     923       2.1765
     924       2.0225
     925       2.2141
     926       2.1028
     927       1.9288
     928       2.0128
     929       2.0403
     930       2.0244
     931       2.0566
     932       2.0145
     933       1.9080
     934       1.9215
     935       1.8448
     936       1.9091
     937       1.9757
     938       2.0191
     939       2.0517
     940       1.9802
     941       1.9507
     942       1.9393
     943       1.9454
     944       1.9109
     945       1.9900
     946       1.9399
     947       1.9488
     948       1.9797
     949       1.9723
     950       1.9495
     951       1.9243
     952       1.9796
     953       1.9875
     954       1.9835
     955       1.8492
     956       1.9407
     957       2.0848
     958       1.9588
     959       2.0279
     960       2.0639
     961       2.0689
     962       2.1937
     963       1.9283
     964       2.1903
     965       2.0447
     966       2.0451
     967       2.1423
     968       1.9873
     969       1.9475
     970       2.2398
     971       2.0284
     972       1.9080
     973       1.9461
     974       1.9247
     975       1.9865
     976       2.0142
     977       1.9601
     978       1.8975
     979       2.0165
     980       1.9447
     981       1.8934
     982       1.8904
     983       1.8691
     984       1.9633
     985       2.0609
     986       1.9226
     987       1.9491
     988       2.1189
     989       2.0007
     990       1.8782
     991       2.0444
     992       1.9535
     993       1.9170
     994       1.8621
     995       1.9924
     996       1.9339
     997       2.0058
     998       1.8897
     999       1.9148
    1000       1.9360
    1001       1.9461
    1002       1.8208
    1003       1.8783
    1004       1.8937
    1005       1.8019
    1006       1.9875
    1007       1.8900
    1008       1.9199
    1009       1.8438
    1010       1.8368
    1011       1.9154
    1012       1.8822
    1013       1.8745
    1014       1.7966
    1015       1.8860
    1016       1.9408
    1017       1.9464
    1018       1.9774
    1019       1.7786
    1020       1.9066
    1021       1.8819
    1022       1.9290
    1023       2.0707
    1024       2.1306
    1025       2.0537
    1026       2.1085
    1027       1.9114
    1028       1.9064
    1029       1.9435
    1030       1.9931
    1031       1.9292
    1032       2.2809
    1033       2.0621
    1034       1.8532
    1035       1.9943
    1036       1.9675
    1037       1.9227
    1038       1.9948
    1039       2.0415
    1040       1.8865
    1041       1.7716
    1042       1.9314
    1043       1.9688
    1044       2.1011
    1045       1.9066
    1046       1.8949
    1047       1.9512
    1048       1.9056
    1049       2.1671
    1050       1.9058
    1051       1.9239
    1052       1.8869
    1053       1.8922
    1054       1.9772
    1055       2.1145
    1056       1.9480
    1057       1.8352
    1058       1.7848
    1059       1.9640
    1060       1.8698
    1061       2.0290
    1062       1.9716
    1063       1.9142
    1064       1.9294
    1065       1.8512
    1066       1.9200
    1067       1.8981
    1068       1.9276
    1069       1.8531
    1070       1.9698
    1071       1.9327
    1072       1.9170
    1073       1.8970
    1074       2.1624
    1075       2.1983
    1076       2.2130
    1077       2.0992
    1078       1.9596
    1079       1.9758
    1080       1.8708
    1081       1.9324
    1082       1.9645
    1083       2.0162
    1084       2.0267
    1085       1.9450
    1086       1.9215
    1087       2.0112
    1088       2.0654
    1089       2.2699
    1090       1.9820
    1091       1.9678
    1092       2.0772
    1093       2.0341
    1094       2.2713
    1095       2.1427
    1096       2.1495
    1097       2.1040
    1098       2.1750
    1099       2.2598
    1100       2.2483
    1101       2.0355
    1102       2.0550
    1103       1.9126
    1104       1.9878
    1105       1.9184
    1106       1.9381
    1107       2.0100
    1108       2.0520
    1109       2.1264
    1110       2.0484
    1111       1.9143
    1112       1.9719
    1113       2.0114
    1114       1.9048
    1115       1.9402
    1116       2.0677
    1117       1.9369
    1118       1.9438
    1119       1.9539
    1120       2.0299
    1121       2.0062
    1122       1.9188
    1123       1.9677
    1124       1.8683
    1125       1.9558
    1126       1.9785
    1127       1.9458
    1128       2.1013
    1129       1.9237
    1130       1.9392
    1131       1.9391
    1132       1.9450
    1133       1.8625
    1134       1.8139
    1135       1.8281
    1136       1.8565
    1137       1.8625
    1138       1.9529
    1139       1.8360
    1140       1.9098
    1141       1.9550
    1142       1.8848
    1143       1.8928
    1144       1.8789
    1145       1.8948
    1146       2.0150
    1147       2.1478
    1148       2.0803
    1149       2.1738
    1150       2.2096
    1151       1.8767
    1152       2.1253
    1153       1.9238
    1154       1.9246
    1155       1.9617
    1156       1.9501
    1157       2.0347
    1158       1.9703
    1159       1.9234
    1160       1.9253
    1161       2.0568
    1162       2.0495
    1163       2.0513
    1164       1.9388
    1165       1.9153
    1166       1.8487
    1167       1.9768
    1168       1.9533
    1169       2.0136
    1170       2.0270
    1171       1.9279
    1172       1.9972
    1173       1.9960
    1174       1.8777
    1175       1.8671
    1176       2.0034
    1177       2.0693
    1178       1.9544
    1179       1.9416
    1180       1.8893
    1181       1.9085
    1182       1.9137
    1183       1.9407
    1184       1.8194
    1185       1.8302
    1186       1.9493
    1187       1.9524
    1188       1.9579
    1189       2.0588
    1190       2.1292
    1191       2.0098
    1192       1.9812
    1193       2.0178
    1194       2.0269
    1195       1.8374
    1196       1.8956
    1197       2.0072
    1198       1.8866
    1199       1.8845
    1200       1.8957
    1201       1.8971
    1202       1.8902
    1203       1.9903
    1204       1.8999
    1205       1.8819
    1206       1.9568
    1207       1.9551
    1208       1.8631
    1209       1.9932
    1210       2.1912
    1211       1.9482
    1212       1.8756
    1213       1.8767
    1214       2.0402
    1215       1.9218
    1216       2.0010
    1217       1.9277
    1218       1.9485
    1219       1.9423
    1220       1.9355
    1221       1.9496
    1222       2.0710
    1223       1.9816
    1224       2.0312
    1225       1.8483
    1226       1.9357
    1227       1.8349
    1228       1.9473
    1229       1.8934
    1230       1.9369
    1231       1.8550
    1232       1.8564
    1233       1.7948
    1234       1.8620
    1235       1.9441
    1236       1.9183
    1237       1.8307
    1238       1.8967
    1239       1.9996
    1240       1.8209
    1241       1.8960
    1242       1.8992
    1243       1.9397
    1244       1.9153
    1245       1.8587
    1246       1.9843
    1247       2.0060
    1248       2.0536
    1249       1.8873
    1250       1.7937
    1251       1.8944
    1252       1.9546
    1253       1.9402
    1254       1.8742
    1255       1.8401
    1256       1.8735
    1257       1.8739
    1258       1.9068
    1259       1.8301
    1260       1.8919
    1261       1.7790
    1262       2.0205
    1263       1.8412
    1264       1.8802
    1265       1.7512
    1266       1.8536
    1267       1.9426
    1268       1.8776
    1269       1.9631
    1270       1.9363
    1271       2.0214
    1272       2.0055
    1273       2.0535
    1274       2.1133
    1275       1.9606
    1276       2.0086
    1277       1.9122
    1278       1.7283
    1279       1.7856
    1280       1.9199
    1281       1.9848
    1282       1.8597
    1283       1.8382
    1284       1.8227
    1285       1.8021
    1286       1.9179
    1287       1.9167
    1288       1.8518
    1289       1.8939
    1290       1.9496
    1291       1.8749
    1292       2.0230
    1293       1.8962
    1294       1.8267
    1295       1.9639
    1296       1.9627
    1297       2.0161
    1298       1.9228
    1299       2.0999
    1300       2.1801
    1301       2.0695
    1302       2.0447
    1303       2.0773
    1304       2.0615
    1305       1.9229
    1306       1.9642
    1307       2.0539
    1308       1.9242
    1309       1.9590
    1310       1.8642
    1311       1.8859
    1312       1.8556
    1313       2.0439
    1314       2.1170
    1315       2.0153
    1316       2.1384
    1317       2.0796
    1318       2.1349
    1319       2.1253
    1320       2.1904
    1321       2.1582
    1322       2.3082
    1323       2.0267
    1324       1.8494
    1325       2.0212
    1326       1.9087
    1327       1.8420
    1328       1.9693
    1329       1.8798
    1330       1.8567
    1331       1.8463
    1332       1.8694
    1333       1.9101
    1334       1.9259
    1335       1.9520
    1336       1.8609
    1337       1.8450
    1338       1.8235
    1339       1.8318
    1340       1.8249
    1341       1.9810
    1342       1.9397
    1343       1.8935
    1344       1.8552
    1345       1.9375
    1346       2.0271
    1347       1.8938
    1348       2.1431
    1349       2.0585
    1350       1.9912
    1351       2.0616
    1352       1.8847
    1353       1.9926
    1354       2.0281
    1355       2.0404
    1356       2.0217
    1357       2.1135
    1358       2.0053
    1359       1.9056
    1360       1.9119
    1361       1.9589
    1362       2.0024
    1363       2.0203
    1364       1.9884
    1365       2.1121
    1366       1.9711
    1367       1.8927
    1368       1.8836
    1369       1.8276
    1370       2.0156
    1371       1.8839
    1372       1.8934
    1373       1.9215
    1374       1.9710
    1375       1.9886
    1376       2.0017
    1377       1.9010
    1378       1.9244
    1379       1.8651
    1380       1.9609
    1381       1.9477
    1382       2.0938
    1383       1.9703
    1384       1.9467
    1385       1.9929
    1386       1.9779
    1387       1.9857
    1388       2.0238
    1389       1.9977
    1390       1.9130
    1391       2.0122
    1392       1.9922
    1393       2.0292
    1394       2.1095
    1395       2.1110
    1396       2.0527
    1397       2.0953
    1398       2.1801
    1399       2.0831
    1400       2.0689
    1401       1.9147
    1402       1.9832
    1403       2.0329
    1404       2.1989
    1405       2.0933
    1406       2.0216
    1407       2.0176
    1408       1.9818
    1409       2.0356
    1410       2.0360
    1411       2.1427
    1412       2.0477
    1413       2.1011
    1414       2.0461
    1415       1.9006
    1416       2.0454
    1417       2.0573
    1418       2.0955
    1419       2.1456
    1420       2.0116
    1421       1.9265
    1422       2.0652
    1423       2.1500
    1424       2.0057
    1425       1.9593
    1426       1.9336
    1427       2.0492
    1428       1.8989
    1429       1.9256
    1430       1.9581
    1431       1.9842
    1432       2.0757
    1433       1.9864
    1434       2.0615
    1435       2.0371
    1436       1.9200
    1437       1.9271
    1438       2.0415
    1439       1.9843
    1440       2.0157
    1441       1.9834
    1442       2.0254
    1443       2.0860
    1444       1.9946
    1445       1.8903
    1446       2.0261
    1447       2.0166
    1448       1.9615
    1449       1.9545
    1450       2.0074
    1451       1.9909
    1452       2.0217
    1453       2.0652
    1454       2.0898
    1455       2.0189
    1456       1.9163
    1457       1.9859
    1458       2.0699
    1459       2.0185
    1460       2.0988
    1461       1.9746
    1462       2.0479
    1463       1.9914
    1464       2.0232
    1465       2.0280
    1466       2.0403
    1467       2.1190
    1468       2.1852
    1469       2.1751
    1470       2.1394
    1471       2.1045
    1472       2.0711
    1473       2.1345
    1474       2.1649
    1475       2.1703
    1476       2.0199
    1477       2.0216
    1478       2.1912
    1479       2.1091
    1480       2.1777
    1481       2.1661
    1482       2.0543
    1483       2.1809
    1484       2.0991
    1485       2.1645
    1486       2.0731
    1487       2.1578
    1488       2.1069
    1489       2.0643
    1490       2.1543
    1491       2.2236
    1492       2.1563
    1493       2.2499
    1494       2.1648
    1495       2.1106
    1496       2.1468
    1497       2.2166
    1498       2.0298
    1499       2.0628
    1500       2.0924
    1501       2.1499
    1502       2.1904
    1503       2.1556
    1504       2.1419
    1505       2.1162
    1506       2.0001
    1507       1.9263
    1508       1.9494
    1509       1.9944
    1510       1.8527
    1511       2.0156
    1512       2.0060
    1513       2.0112
    1514       1.8961
    1515       1.9331
    1516       2.1109
    1517       2.0841
    1518       2.1284
    1519       2.1160
    1520       2.0531
    1521       2.1169
    1522       2.0987
    1523       2.0748
    1524       2.0748
    1525       2.0450
    1526       2.1058
    1527       2.0828
    1528       1.9960
    1529       2.0451
    1530       2.1110
    1531       2.2405
    1532       2.3560
    1533       2.3875
    1534       2.2518
    1535       2.1039
    1536       2.1221
    1537       2.3059
    1538       2.4500
    1539       2.2185
    1540       2.1818
    1541       2.2279
    1542       2.1035
    1543       2.2191
    1544       2.1942
    1545       2.0086
    1546       2.1072
    1547       2.2192
    1548       2.0770
    1549       2.0003
    1550       1.9143
    1551       2.0288
    1552       1.8736
    1553       2.1082
    1554       1.9715
    1555       2.0812
    1556       2.1124
    1557       2.0104
    1558       2.0338
    1559       2.1898
    1560       2.1566
    1561       2.1185
    1562       2.1599
    1563       2.2352
    1564       2.0650
    1565       2.0399
    1566       2.1141
    1567       2.1981
    1568       2.1594
    1569       2.1194
    1570       2.1728
    1571       2.2101
    1572       2.1225
    1573       2.1035
    1574       2.0100
    1575       2.0842
    1576       2.0826
    1577       2.2138
    1578       1.9224
    1579       1.9140
    1580       1.9662
    1581       2.0141
    1582       2.0337
    1583       2.0889
    1584       2.1577
    1585       2.0634
    1586       1.9828
    1587       2.1084
    1588       2.0266
    1589       2.1749
    1590       2.2842
    1591       2.0636
    1592       2.0593
    1593       2.0944
    1594       1.9652
    1595       2.0873
    1596       2.0440
    1597       2.0388
    1598       2.1111
    1599       2.1060
    1600       2.0071
    1601       2.0675
    1602       2.1081
    1603       2.0106
    1604       2.1239
    1605       2.1794
    1606       2.0428
    1607       2.0781
    1608       2.0516
    1609       2.1320
    1610       2.0888
    1611       2.0546
    1612       2.0619
    1613       2.0517
    1614       2.0817
    1615       1.9443
    1616       2.1122
    1617       1.9892
    1618       2.0255
    1619       2.0397
    1620       2.0811
    1621       2.0019
    1622       2.0694
    1623       1.9838
    1624       1.9372
    1625       1.9585
    1626       1.9965
    1627       1.9217
    1628       1.9970
    1629       1.9641
    1630       2.0220
    1631       2.0127
    1632       1.8414
    1633       1.9433
    1634       1.9964
    1635       1.9939
    1636       1.9822
    1637       2.0145
    1638       2.0033
    1639       1.9757
    1640       1.9065
    1641       2.0601
    1642       2.0068
    1643       2.0345
    1644       1.9704
    1645       2.0680
    1646       2.0460
    1647       2.1251
    1648       2.0914
    1649       2.0699
    1650       2.0569
    1651       2.0503
    1652       2.0895
    1653       2.0926
    1654       2.1422
    1655       2.0616
    1656       2.0235
    1657       1.9586
    1658       2.0247
    1659       1.9510
    1660       2.0151
    1661       2.0621
    1662       1.9553
    1663       2.0791
    1664       2.0433
    1665       2.0475
    1666       2.1879
    1667       2.1470
    1668       2.1018
    1669       2.1771
    1670       2.0511
    1671       2.0220
    1672       2.1411
    1673       2.1202
    1674       2.2979
    1675       2.1248
    1676       2.1660
    1677       2.3172
    1678       2.1899
    1679       2.1525
    1680       2.1525
    1681       2.2764
    1682       2.0361
    1683       2.1207
    1684       1.9931
    1685       2.1143
    1686       2.0540
    1687       2.0569
    1688       2.1914
    1689       2.0683
    1690       2.0960
    1691       2.0455
    1692       2.0183
    1693       2.0030
    1694       2.1876
    1695       2.0941
    1696       2.0365
    1697       2.0749
    1698       1.9607
    1699       1.9550
    1700       2.0240
    1701       2.2052
    1702       2.1848
    1703       2.2041
    1704       2.1030
    1705       1.9916
    1706       2.0663
    1707       1.9542
    1708       2.0233
    1709       1.9460
    1710       2.0003
    1711       1.9001
    1712       1.9784
    1713       1.8861
    1714       2.0519
    1715       1.9306
    1716       2.0049
    1717       1.9576
    1718       1.9588
    1719       1.9642
    1720       1.9674
    1721       2.0364
    1722       1.9846
    1723       1.9798
    1724       2.0761
    1725       2.1104
    1726       2.0983
    1727       2.2284
    1728       2.0613
    1729       1.8625
    1730       1.9956
    1731       2.0256
    1732       1.9436
    1733       2.1263
    1734       2.0717
    1735       1.9817
    1736       2.0004
    1737       2.0676
    1738       2.0424
    1739       2.0483
    1740       2.0444
    1741       1.9716
    1742       2.2801
    1743       1.9278
    1744       1.9511
    1745       1.9569
    1746       2.0441
    1747       2.0184
    1748       2.0157
    1749       2.1078
    1750       2.0472
    1751       2.0603
    1752       2.1788
    1753       2.0605
    1754       2.2037
    1755       2.1370
    1756       1.9970
    1757       2.1416
    1758       2.1754
    1759       2.1568
    1760       1.9568
    1761       2.0426
    1762       1.9787
    1763       2.0057
    1764       2.0495
    1765       1.9784
    1766       2.0091
    1767       2.1503
    1768       1.9962
    1769       2.1031
    1770       2.0160
    1771       2.1412
    1772       2.1303
    1773       2.0697
    1774       2.2018
    1775       2.0757
    1776       2.1723
    1777       2.2312
    1778       2.1379
    1779       2.3092
    1780       2.3038
    1781       2.1255
    1782       2.3370
    1783       2.1870
    1784       2.2366
    1785       2.1364
    1786       2.2001
    1787       2.1289
    1788       2.1695
    1789       2.2551
    1790       2.2802
    1791       2.2934
    1792       2.1736
    1793       2.1677
    1794       2.0747
    1795       2.2796
    1796       2.0850
    1797       2.1219
    1798       2.1446
    1799       2.0065
    1800       2.0262
    1801       2.1391
    1802       2.2329
    1803       2.1225
    1804       2.1428
    1805       2.2201
    1806       2.2887
    1807       2.2263
    1808       2.2149
    1809       2.1810
    1810       2.3675
    1811       2.1990
    1812       2.2354
    1813       2.2404
    1814       2.1603
    1815       2.2643
    1816       2.1239
    1817       2.1956
    1818       2.2381
    1819       2.1828
    1820       2.1745
    1821       2.1607
    1822       2.1772
    1823       2.2260
    1824       2.2114
    1825       2.1067
    1826       2.1259
    1827       2.3331
    1828       2.1263
    1829       1.9794
    1830       2.0538
    1831       2.0945
    1832       2.0376
    1833       2.2036
    1834       2.1401
    1835       1.9748
    1836       2.0258
    1837       1.9949
    1838       2.1100
    1839       2.0800
    1840       2.0701
    1841       1.9706
    1842       2.1586
    1843       2.1113
    1844       2.0762
    1845       2.1432
    1846       2.1993
    1847       2.0337
    1848       2.1132
    1849       2.0506
    1850       2.1734
    1851       2.1139
    1852       2.1741
    1853       2.0832
    1854       2.1338
    1855       2.1146
    1856       2.1160
    1857       2.1770
    1858       2.1718
    1859       2.1646
    1860       2.1933
    1861       2.0655
    1862       2.1606
    1863       2.0810
    1864       2.1548
    1865       2.1438
    1866       1.9764
    1867       2.1903
    1868       2.0730
    1869       2.0651
    1870       1.9393
    1871       1.9763
    1872       1.9320
    1873       2.0403
    1874       1.9974
    1875       2.0073
    1876       1.9596
    1877       1.9314
    1878       1.9510
    1879       2.0464
    1880       1.9552
    1881       1.9705
    1882       2.0811
    1883       2.0306
    1884       2.1231
    1885       2.1563
    1886       2.0393
    1887       2.2387
    1888       2.1333
    1889       2.1017
    1890       2.2421
    1891       2.0636
    1892       2.2522
    1893       2.2048
    1894       2.1470
    1895       2.2024
    1896       2.2260
    1897       2.2028
    1898       2.1837
    1899       2.0847
    1900       1.9913
    1901       2.2218
    1902       2.0333
    1903       2.2017
    1904       2.1912
    1905       2.0361
    1906       2.2335
    1907       2.2538
    1908       2.0443
    1909       2.1673
    1910       2.0800
    1911       2.0948
    1912       2.2106
    1913       2.1608
    1914       2.0656
    1915       2.1235
    1916       2.0884
    1917       2.3724
    1918       2.2428
    1919       2.3298
    1920       2.3579
    1921       2.2588
    1922       2.2013
    1923       2.1050
    1924       2.2247
    1925       2.1900
    1926       2.0899
    1927       2.0952
    1928       2.1001
    1929       2.1253
    1930       2.1027
    1931       2.1563
    1932       2.2419
    1933       2.2226
    1934       2.2596
    1935       2.1493
    1936       2.2736
    1937       2.2183
    1938       2.2690
    1939       2.1471
    1940       2.1155
    1941       2.0768
    1942       2.0699
    1943       2.1141
    1944       2.0206
    1945       2.0945
    1946       2.1064
    1947       2.0597
    1948       2.1611
    1949       1.9257
    1950       1.9803
    1951       2.1693
    1952       2.1451
    1953       2.1819
    1954       2.1204
    1955       2.1885
    1956       2.1635
    1957       1.9843
    1958       2.1231
    1959       1.9969
    1960       2.1171
    1961       2.0910
    1962       2.1817
    1963       1.9837
    1964       2.0734
    1965       2.0895
    1966       2.0652
    1967       1.9885
    1968       1.9534
    1969       1.8777
    1970       2.0545
    1971       1.9297
    1972       1.9519
    1973       2.0861
    1974       2.0563
    1975       2.1450
    1976       2.0213
    1977       2.1446
    1978       2.1276
    1979       2.1337
    1980       2.0615
    1981       2.1866
    1982       2.1530
    1983       2.1165
    1984       2.0649
    1985       2.0653
    1986       2.0382
    1987       1.9500
    1988       2.0559
    1989       2.0733
    1990       1.9848
    1991       2.1121
    1992       2.0406
    1993       1.9977
    1994       1.8799
    1995       1.9901
    1996       2.0715
    1997       1.9910
    1998       1.9941
    1999       1.9569
    2000       1.9400
    2001       1.9343
    2002       1.9565
    2003       1.8912
    2004       1.9426
    2005       1.8881
    2006       2.0239
    2007       1.9969
    2008       1.8964
    2009       1.9452
    2010       2.0054
    2011       2.0596
    2012       1.9311
    2013       2.0468
    2014       2.0774
    2015       1.9484
    2016       1.9818
    2017       2.0414
    2018       1.8668
    2019       1.8733
    2020       1.9595
    2021       1.9360
    2022       1.8691
    2023       2.0694
    2024       1.9016
    2025       1.8898
    2026       1.8830
    2027       2.0288
    2028       1.8151
    2029       1.8511
    2030       1.9577
    2031       1.9669
    2032       2.0353
    2033       1.9133
    2034       1.9331
    2035       1.8619
    2036       1.9110
    2037       1.8961
    2038       2.0128
    2039       1.9311
    2040       1.9457
    2041       2.0026
    2042       2.0291
    2043       1.8886
    2044       1.8767
    2045       2.0228
    2046       1.9595
    2047       1.9310
    2048       1.9222
    2049       1.9651
    2050       1.8571
    2051       1.8541
    2052       1.9079
    2053       1.9400
    2054       1.9082
    2055       1.9128
    2056       1.8880
    2057       1.8139
    2058       1.8987
    2059       1.9020
    2060       1.8873
    2061       1.9017
    2062       1.9522
    2063       1.9551
    2064       1.9969
    2065       2.0391
    2066       2.0158
    2067       2.0890
    2068       2.0597
    2069       2.0324
    2070       2.0143
    2071       2.0341
    2072       1.8664
    2073       2.1235
    2074       1.9866
    2075       2.1153
    2076       2.1669
    2077       2.0037
    2078       2.0492
    2079       1.9707
    2080       2.0774
    2081       2.1170
    2082       1.9927
    2083       2.0449
    2084       2.1428
    2085       2.0600
    2086       2.2794
    2087       2.1530
    2088       1.9551
    2089       2.0884
    2090       2.0535
    2091       1.9409
    2092       2.0506
    2093       2.1271
    2094       2.1078
    2095       1.9848
    2096       2.0486
    2097       1.9834
    2098       2.0317
    2099       2.0000
    2100       2.0519
    2101       2.1428
    2102       2.0512
    2103       1.9892
    2104       2.0695
    2105       2.0758
    2106       2.1285
    2107       2.0941
    2108       2.1370
    2109       2.1341
    2110       2.0924
    2111       2.1120
    2112       2.0274
    2113       2.0628
    2114       2.0911
    2115       1.9500
    2116       2.0008
    2117       2.0682
    2118       2.1488
    2119       1.9865
    2120       1.9968
    2121       2.0322
    2122       2.0534
    2123       2.1034
    2124       2.0661
    2125       2.0028
    2126       2.0032
    2127       2.1542
    2128       2.0746
    2129       2.0616
    2130       2.0493
    2131       2.0687
    2132       2.0542
    2133       2.0920
    2134       2.0805
    2135       2.1152
    2136       2.1869
    2137       2.0847
    2138       2.0219
    2139       2.0027
    2140       1.9790
    2141       1.9669
    2142       2.0508
    2143       1.9377
    2144       2.0790
    2145       2.0668
    2146       1.9778
    2147       2.0228
    2148       2.0779
    2149       1.9844
    2150       2.0841
    2151       2.1774
    2152       2.1421
    2153       2.0229
    2154       2.1423
    2155       1.9336
    2156       2.1656
    2157       2.0415
    2158       2.1604
    2159       2.0757
    2160       2.1616
    2161       2.1319
    2162       2.1730
    2163       2.2090
    2164       2.1381
    2165       2.1545
    2166       2.1179
    2167       2.1324
    2168       2.1237
    2169       2.0393
    2170       2.2013
    2171       2.3087
    2172       2.0816
    2173       1.9958
    2174       2.1057
    2175       2.0723
    2176       2.0767
    2177       2.1820
    2178       2.1379
    2179       2.1329
    2180       2.0311
    2181       2.0466
    2182       2.1109
    2183       2.0948
    2184       2.0132
    2185       2.2397
    2186       2.3489
    2187       2.3121
    2188       2.0587
    2189       1.9680
    2190       2.1035
    2191       2.1106
    2192       2.0525
    2193       2.0056
    2194       2.0516
    2195       2.0812
    2196       2.0252
    2197       2.0483
    2198       2.0036
    2199       1.9960
    2200       2.0807
    2201       2.1962
    2202       2.2127
    2203       2.2400
    2204       2.1246
    2205       2.1423
    2206       2.2308
    2207       2.2386
    2208       2.1640
    2209       2.0687
    2210       2.0810
    2211       2.1816
    2212       2.0755
    2213       2.2396
    2214       2.1425
    2215       2.1552
    2216       2.1329
    2217       2.1424
    2218       2.2190
    2219       2.2403
    2220       2.1223
    2221       2.0957
    2222       2.1306
    2223       2.1541
    2224       2.0403
    2225       2.1494
    2226       2.0580
    2227       2.1410
    2228       2.0925
    2229       2.2919
    2230       2.1371
    2231       2.2064
    2232       2.0686
    2233       2.2113
    2234       2.0726
    2235       2.1835
    2236       2.2185
    2237       2.1564
    2238       2.0681
    2239       2.0265
    2240       2.0997
    2241       2.1920
    2242       2.0873
    2243       2.1521
    2244       2.0505
    2245       2.0828
    2246       2.1403
    2247       2.2064
    2248       1.9927
    2249       2.0124
    2250       2.1750
    2251       2.1475
    2252       2.0730
    2253       2.0159
    2254       2.0006
    2255       1.9920
    2256       2.1137
    2257       2.0668
    2258       2.0561
    2259       2.0915
    2260       2.1897
    2261       2.1652
    2262       2.1442
    2263       2.0972
    2264       2.1376
    2265       2.1179
    2266       2.0786
    2267       2.1380
    2268       2.0953
    2269       2.0804
    2270       2.1771
    2271       2.1615
    2272       2.0963
    2273       2.1369
    2274       2.2083
    2275       2.2217
    2276       2.2481
    2277       2.0829
    2278       2.0339
    2279       2.1225
    2280       2.2517
    2281       2.1636
    2282       2.1794
    2283       2.2050
    2284       2.2335
    2285       2.2685
    2286       2.1969
    2287       2.1847
    2288       2.1654
    2289       2.2476
    2290       2.1921
    2291       2.1727
    2292       2.0699
    2293       2.2898
    2294       2.2057
    2295       2.2223
    2296       2.1148
    2297       2.1514
    2298       2.2618
    2299       2.1654
    2300       2.2375
    2301       2.1587
    2302       2.2431
    2303       2.1854
    2304       2.2517
    2305       2.3048
    2306       2.3083
    2307       2.2930
    2308       2.3521
    2309       2.3227
    2310       2.3314
    2311       2.2639
    2312       2.2646
    2313       2.1391
    2314       2.2240
    2315       2.1554
    2316       2.2469
    2317       2.2949
    2318       2.1706
    2319       2.2668
    2320       2.1444
    2321       2.2984
    2322       2.4588
    2323       2.1168
    2324       2.2159
    2325       2.2032
    2326       2.2377
    2327       2.2273
    2328       2.3764
    2329       2.3321
    2330       2.3302
    2331       2.1997
    2332       2.1259
    2333       2.1742
    2334       2.1925
    2335       2.1733
    2336       2.2143
    2337       2.4461
    2338       2.2976
    2339       2.3806
    2340       2.3350
    2341       2.3900
    2342       2.2181
    2343       2.2500
    2344       2.2740
    2345       2.2963
    2346       2.3857
    2347       2.3741
    2348       2.0984
    2349       2.2474
    2350       2.1963
    2351       2.2223
    2352       2.2924
    2353       2.1459
    2354       2.2566
    2355       2.1490
    2356       2.3905
    2357       2.1796
    2358       2.3690
    2359       2.4926
    2360       2.1836
    2361       2.3676
    2362       2.1604
    2363       2.2076
    2364       2.2540
    2365       2.2741
    2366       2.1319
    2367       2.2504
    2368       2.3141
    2369       2.2607
    2370       2.1388
    2371       2.3439
    2372       2.3152
    2373       2.1444
    2374       2.1941
    2375       2.2686
    2376       2.0736
    2377       2.1315
    2378       2.0143
    2379       2.2115
    2380       2.3504
    2381       2.1129
    2382       2.1841
    2383       2.2172
    2384       2.2042
    2385       2.2315
    2386       2.1912
    2387       2.1947
    2388       2.1185
    2389       2.1612
    2390       2.1437
    2391       2.2699
    2392       2.2155
    2393       2.1461
    2394       2.2523
    2395       2.2827
    2396       2.2240
    2397       2.1561
    2398       2.2513
    2399       2.1594
    2400       2.2355
    2401       2.2144
    2402       2.3030
    2403       2.3057
    2404       2.2545
    2405       2.3380
    2406       2.3563
    2407       2.2635
    2408       2.1801
    2409       2.1838
    2410       2.1390
    2411       2.3715
    2412       2.2791
    2413       2.2544
    2414       2.3663
    2415       2.5153
    2416       2.2616
    2417       2.2141
    2418       2.3148
    2419       2.2975
    2420       2.1947
    2421       2.3114
    2422       2.2228
    2423       2.2628
    2424       2.3574
    2425       2.2176
    2426       2.2638
    2427       2.2098
    2428       2.3559
    2429       2.3221
    2430       2.3471
    2431       2.3194
    2432       2.3091
    2433       2.3484
    2434       2.2762
    2435       2.1948
    2436       2.2350
    2437       2.2087
    2438       2.3097
    2439       2.2174
    2440       2.2138
    2441       2.3341
    2442       2.2747
    2443       2.2492
    2444       2.2271
    2445       2.3534
    2446       2.1826
    2447       2.1565
    2448       2.2531
    2449       2.2585
    2450       2.1986
    2451       2.1377
    2452       2.1669
    2453       2.0981
    2454       2.2970
    2455       2.4392
    2456       2.3720
    2457       2.3330
    2458       2.2315
    2459       2.2439
    2460       2.2380
    2461       2.4512
    2462       2.3496
    2463       2.2807
    2464       2.2896
    2465       2.3282
    2466       2.3851
    2467       2.4840
    2468       2.4023
    2469       2.4054
    2470       2.1754
    2471       2.2631
    2472       2.2495
    2473       2.3017
    2474       2.2100
    2475       2.2825
    2476       2.2218
    2477       2.2888
    2478       2.2292
    2479       2.2962
    2480       2.3155
    2481       2.3249
    2482       2.3593
    2483       2.5354
    2484       2.4146
    2485       2.3203
    2486       2.4461
    2487       2.4498
    2488       2.3866
    2489       2.3333
    2490       2.3672
    2491       2.3123
    2492       2.3199
    2493       2.3425
    2494       2.2453
    2495       2.2383
    2496       2.1934
    2497       2.2264
    2498       2.2619
    2499       2.1914
    2500       2.3443
    2501       2.3305
    2502       2.4757
    2503       2.4086
    2504       2.1847
    2505       2.3778
    2506       2.3615
    2507       2.2222
    2508       2.3801
    2509       2.3496
    2510       2.3160
    2511       2.4033
    2512       2.4583
    2513       2.2924
    2514       2.2930
    2515       2.2544
    2516       2.2506
    2517       2.2813
    2518       2.1908
    2519       2.2637
    2520       2.2339
    2521       2.1793
    2522       2.2153
    2523       2.1064
    2524       2.3458
    2525       2.1378
    2526       2.2616
    2527       2.1454
    2528       2.1974
    2529       2.1573
    2530       2.1196
    2531       2.2719
    2532       2.1971
    2533       2.2036
    2534       2.0973
    2535       2.1612
    2536       2.1785
    2537       2.2748
    2538       2.3174
    2539       2.2389
    2540       2.2766
    2541       2.1099
    2542       2.0745
    2543       2.1302
    2544       2.0944
    2545       2.2362
    2546       2.0849
    2547       2.1765
    2548       2.1977
    2549       2.2111
    2550       2.2501
    2551       2.2242
    2552       2.1385
    2553       2.2932
    2554       2.2626
    2555       2.2141
    2556       2.2977
    2557       2.2274
    2558       2.3372
    2559       2.1668
    2560       2.1793
    2561       2.2226
    2562       2.2361
    2563       2.1649
    2564       2.3678
    2565       2.2336
    2566       2.2098
    2567       2.3040
    2568       2.2142
    2569       2.2962
    2570       2.2609
    2571       2.1855
    2572       2.2372
    2573       2.0678
    2574       2.1150
    2575       2.2309
    2576       2.2126
    2577       2.1097
    2578       2.2567
    2579       2.4177
    2580       2.2575
    2581       2.2117
    2582       2.2376
    2583       2.1744
    2584       2.1768
    2585       2.2098
    2586       2.2892
    2587       2.4286
    2588       2.4596
    2589       2.4083
    2590       2.4467
    2591       2.4379
    2592       2.5178
    2593       2.3369
    2594       2.3372
    2595       2.4691
    2596       2.3344
    2597       2.2877
    2598       2.2090
    2599       2.3683
    2600       2.3605
    2601       2.4110
    2602       2.2969
    2603       2.1740
    2604       2.2180
    2605       2.1802
    2606       2.2641
    2607       2.2321
    2608       2.1532
    2609       2.1187
    2610       2.1384
    2611       2.2303
    2612       2.1795
    2613       2.3434
    2614       2.2977
    2615       2.1803
    2616       2.2203
    2617       2.1741
    2618       2.0650
    2619       2.1505
    2620       2.1986
    2621       2.1995
    2622       2.1592
    2623       2.1989
    2624       2.2503
    2625       2.1585
    2626       2.1984
    2627       2.1944
    2628       2.2603
    2629       2.1621
    2630       2.1849
    2631       2.0923
    2632       2.1136
    2633       2.1784
    2634       2.1577
    2635       2.1264
    2636       2.2066
    2637       2.2170
    2638       2.2693
    2639       2.2484
    2640       2.2499
    2641       2.1852
    2642       2.2898
    2643       2.0156
    2644       2.1999
    2645       2.2782
    2646       2.2242
    2647       2.2566
    2648       2.2985
    2649       2.1969
    2650       2.1683
    2651       2.1110
    2652       2.1072
    2653       2.0661
    2654       2.1441
    2655       2.0802
    2656       2.2432
    2657       2.2458
    2658       2.1435
    2659       2.2451
    2660       2.1584
    2661       2.2043
    2662       2.2600
    2663       2.1889
    2664       2.1636
    2665       2.3481
    2666       2.2704
    2667       2.0941
    2668       2.1743
    2669       2.1542
    2670       2.1445
    2671       2.2540
    2672       2.1154
    2673       2.1218
    2674       2.1973
    2675       2.2433
    2676       2.1676
    2677       2.0607
    2678       2.0588
    2679       2.2803
    2680       2.0582
    2681       2.2782
    2682       2.1423
    2683       2.1307
    2684       2.0919
    2685       2.1919
    2686       2.2166
    2687       2.1489
    2688       2.2392
    2689       2.2945
    2690       2.1991
    2691       2.2789
    2692       2.2356
    2693       2.2715
    2694       2.2193
    2695       2.2385
    2696       2.1740
    2697       2.2843
    2698       2.2153
    2699       2.1757
    2700       2.1578
    2701       2.2234
    2702       2.1738
    2703       2.1196
    2704       2.1614
    2705       2.0726
    2706       2.1318
    2707       2.1326
    2708       2.0870
    2709       2.0862
    2710       2.0943
    2711       2.0485
    2712       2.1719
    2713       2.1913
    2714       2.2283
    2715       2.2109
    2716       2.1306
    2717       2.1333
    2718       2.2236
    2719       2.1548
    2720       2.1722
    2721       2.1397
    2722       2.1606
    2723       2.2306
    2724       2.2408
    2725       2.2650
    2726       2.1924
    2727       2.2574
    2728       2.1406
    2729       2.2317
    2730       2.1786
    2731       2.0822
    2732       2.1153
    2733       2.1502
    2734       2.1824
    2735       2.1752
    2736       2.0896
    2737       2.1142
    2738       2.1541
    2739       2.2864
    2740       2.1839
    2741       2.2125
    2742       2.1837
    2743       2.0800
    2744       2.1737
    2745       2.1750
    2746       2.2530
    2747       2.1451
    2748       2.2268
    2749       2.2145
    2750       2.1946
    2751       2.2226
    2752       2.2569
    2753       2.2758
    2754       2.2521
    2755       2.0824
    2756       2.1287
    2757       2.1939
    2758       2.1827
    2759       2.1986
    2760       2.1999
    2761       2.2024
    2762       2.2169
    2763       2.2628
    2764       2.1924
    2765       2.3054
    2766       2.2269
    2767       2.1548
    2768       2.1147
    2769       2.2644
    2770       2.1896
    2771       2.1962
    2772       2.1188
    2773       2.1347
    2774       2.1244
    2775       2.1846
    2776       2.3077
    2777       2.0907
    2778       2.1327
    2779       2.1275
    2780       2.1114
    2781       2.2803
    2782       2.2472
    2783       2.2887
    2784       2.1604
    2785       2.2251
    2786       2.2791
    2787       2.3320
    2788       2.2341
    2789       2.1820
    2790       2.2090
    2791       2.1964
    2792       2.1392
    2793       2.2707
    2794       2.2210
    2795       2.1942
    2796       2.2073
    2797       2.1045
    2798       2.0715
    2799       2.1341
    2800       2.1348
    2801       2.0898
    2802       2.0387
    2803       2.1429
    2804       2.2145
    2805       2.0687
    2806       2.1326
    2807       2.1576
    2808       2.1871
    2809       2.2321
    2810       2.3398
    2811       2.1341
    2812       2.0373
    2813       2.1053
    2814       2.2548
    2815       2.0656
    2816       2.1232
    2817       1.9773
    2818       2.1491
    2819       2.2359
    2820       2.1332
    2821       2.0614
    2822       2.0350
    2823       2.0259
    2824       1.9900
    2825       2.0308
    2826       2.0343
    2827       2.1451
    2828       2.1569
    2829       1.9125
    2830       2.0863
    2831       2.1318
    2832       2.0454
    2833       2.0371
    2834       2.1038
    2835       2.0679
    2836       2.0514
    2837       2.0923
    2838       2.1372
    2839       1.9927
    2840       2.0769
    2841       2.1879
    2842       2.1621
    2843       2.1344
    2844       2.0948
    2845       2.1401
    2846       2.1135
    2847       2.1898
    2848       2.0510
    2849       1.9098
    2850       2.0950
    2851       2.1626
    2852       2.0292
    2853       2.1128
    2854       2.1351
    2855       2.0657
    2856       2.2057
    2857       2.0959
    2858       2.2287
    2859       2.1638
    2860       2.3059
    2861       2.0939
    2862       2.1275
    2863       2.1948
    2864       2.0770
    2865       2.2426
    2866       2.2435
    2867       2.1595
    2868       2.1912
    2869       2.0788
    2870       2.1551
    2871       2.1091
    2872       2.2179
    2873       2.1445
    2874       2.1584
    2875       2.2559
    2876       2.0858
    2877       2.2736
    2878       2.2546
    2879       2.0786
    2880       2.1765
    2881       2.1069
    2882       1.9960
    2883       2.1402
    2884       2.1119
    2885       2.0842
    2886       2.1571
    2887       2.1461
    2888       2.2343
    2889       2.1702
    2890       2.2556
    2891       2.2112
    2892       2.2718
    2893       2.1929
    2894       2.1925
    2895       2.1482
    2896       2.2355
    2897       2.0967
    2898       2.1278
    2899       2.1874
    2900       2.0138
    2901       2.1874
    2902       2.0744
    2903       2.3442
    2904       2.1581
    2905       2.1910
    2906       2.2541
    2907       2.1110
    2908       2.1073
    2909       2.1530
    2910       2.0931
    2911       1.9896
    2912       2.1161
    2913       2.2060
    2914       2.2598
    2915       2.1771
    2916       2.1988
    2917       2.0613
    2918       2.1989
    2919       2.2106
    2920       2.1605
    2921       2.1213
    2922       2.1629
    2923       2.1237
    2924       2.0746
    2925       2.1261
    2926       2.0401
    2927       2.1187
    2928       2.2390
    2929       2.1762
    2930       2.3264
    2931       2.1691
    2932       2.0878
    2933       2.1798
    2934       2.3017
    2935       2.1652
    2936       2.1343
    2937       2.1803
    2938       2.1145
    2939       2.0880
    2940       2.1224
    2941       2.1936
    2942       2.3256
    2943       2.1454
    2944       2.2995
    2945       2.1852
    2946       2.1996
    2947       2.2737
    2948       2.0061
    2949       2.2071
    2950       2.1458
    2951       2.1191
    2952       2.0471
    2953       2.2058
    2954       2.1457
    2955       2.2128
    2956       2.3066
    2957       2.1677
    2958       2.1939
    2959       2.1819
    2960       2.2034
    2961       2.2089
    2962       2.3205
    2963       2.1965
    2964       2.2538
    2965       2.3260
    2966       2.2334
    2967       2.2595
    2968       2.3066
    2969       2.2774
    2970       2.3094
    2971       2.3044
    2972       2.3219
    2973       2.3543
    2974       2.2770
    2975       2.2254
    2976       2.3147
    2977       2.1710
    2978       2.2391
    2979       2.3007
    2980       2.2979
    2981       2.4791
    2982       2.3614
    2983       2.3163
    2984       2.1571
    2985       2.2979
    2986       2.3308
    2987       2.2302
    2988       2.3422
    2989       2.3109
    2990       2.2922
    2991       2.2852
    2992       2.2235
    2993       2.1728
    2994       2.1867
    2995       2.2138
    2996       2.3649
    2997       2.2965
    2998       2.2793
    2999       2.2403
    3000       2.2933
    3001       2.4037
    3002       2.3540
    3003       2.4248
    3004       2.4425
    3005       2.3965
    3006       2.4456
    3007       2.3662
    3008       2.4493
    3009       2.4122
    3010       2.4538
    3011       2.3444
    3012       2.2118
    3013       2.3117
    3014       2.2691
    3015       2.3511
    3016       2.3121
    3017       2.4306
    3018       2.2744
    3019       2.1988
    3020       2.2446
    3021       2.1432
    3022       2.1545
    3023       2.2018
    3024       2.2597
    3025       2.2702
    3026       2.1936
    3027       2.4639
    3028       2.3083
    3029       2.3824
    3030       2.2277
    3031       2.4224
    3032       2.3326
    3033       2.1731
    3034       2.2646
    3035       2.2726
    3036       2.1799
    3037       2.1427
    3038       2.2569
    3039       2.3151
    3040       2.2169
    3041       2.1775
    3042       2.1353
    3043       2.1961
    3044       2.0912
    3045       2.1496
    3046       2.2416
    3047       2.3721
    3048       2.3979
    3049       2.2982
    3050       2.2066
    3051       2.2352
    3052       2.2158
    3053       2.2881
    3054       2.0822
    3055       2.2447
    3056       2.1823
    3057       2.2598
    3058       2.2213
    3059       2.1803
    3060       2.1866
    3061       2.1603
    3062       2.2105
    3063       2.0942
    3064       2.2093
    3065       2.0557
    3066       2.1750
    3067       2.1266
    3068       2.1947
    3069       2.2015
    3070       2.1495
    3071       2.2457
    3072       2.1644
    3073       2.3090
    3074       2.1617
    3075       2.3517
    3076       2.5407
    3077       2.5083
    3078       2.4344
    3079       2.2259
    3080       2.2644
    3081       2.1160
    3082       2.2133
    3083       2.1191
    3084       2.3039
    3085       2.2343
    3086       2.3026
    3087       2.1948
    3088       2.3185
    3089       2.3091
    3090       2.1900
    3091       2.1366
    3092       2.1980
    3093       2.1685
    3094       2.1523
    3095       2.1796
    3096       2.3038
    3097       2.2304
    3098       2.2180
    3099       2.3078
    3100       2.1359
    3101       2.2493
    3102       2.3090
    3103       2.2125
    3104       2.1872
    3105       2.2118
    3106       2.1540
    3107       2.1802
    3108       2.0840
    3109       2.0429
    3110       2.1810
    3111       2.2161
    3112       2.2105
    3113       2.1870
    3114       2.2739
    3115       2.2068
    3116       2.2093
    3117       2.3946
    3118       2.3164
    3119       2.3070
    3120       2.2579
    3121       2.1913
    3122       2.2533
    3123       2.1374
    3124       2.2104
    3125       2.1955
    3126       2.4250
    3127       2.4885
    3128       2.1921
    3129       2.3006
    3130       2.2387
    3131       2.2599
    3132       2.3380
    3133       2.2861
    3134       2.4674
    3135       2.2392
    3136       2.1753
    3137       2.3736
    3138       2.2642
    3139       2.3025
    3140       2.3974
    3141       2.3060
    3142       2.4177
    3143       2.4165
    3144       2.3396
    3145       2.4320
    3146       2.1915
    3147       2.5465
    3148       2.3148
    3149       2.3353
    3150       2.2608
    3151       2.3658
    3152       2.3198
    3153       2.2354
    3154       2.1875
    3155       2.2369
    3156       2.3647
    3157       2.1787
    3158       2.3266
    3159       2.3723
    3160       2.3766
    3161       2.1909
    3162       2.3012
    3163       2.4702
    3164       2.2635
    3165       2.2350
    3166       2.2940
    3167       2.4374
    3168       2.2649
    3169       2.4154
    3170       2.3245
    3171       2.3806
    3172       2.4201
    3173       2.2939
    3174       2.1961
    3175       2.4635
    3176       2.3846
    3177       2.3027
    3178       2.2102
    3179       2.4204
    3180       2.3161
    3181       2.2513
    3182       2.2547
    3183       2.3188
    3184       2.2312
    3185       2.2658
    3186       2.1911
    3187       2.2066
    3188       2.2327
    3189       2.1179
    3190       2.3257
    3191       2.2253
    3192       2.2639
    3193       2.1996
    3194       2.1635
    3195       2.2662
    3196       2.1487
    3197       2.2415
    3198       2.1965
    3199       2.1930
    3200       2.1934
    3201       2.2111
    3202       2.1651
    3203       2.0570
    3204       2.2144
    3205       2.1340
    3206       2.0863
    3207       2.1511
    3208       2.2311
    3209       2.0994
    3210       2.2865
    3211       2.3048
    3212       2.2204
    3213       2.3649
    3214       2.4220
    3215       2.5014
    3216       2.3880
    3217       2.3591
    3218       2.3626
    3219       2.1936
    3220       2.3435
    3221       2.2394
    3222       2.3106
    3223       2.3861
    3224       2.3402
    3225       2.3006
    3226       2.1806
    3227       2.1522
    3228       2.2803
    3229       2.3017
    3230       2.2742
    3231       2.3233
    3232       2.2411
    3233       2.2303
    3234       2.2135
    3235       2.3371
    3236       2.2716
    3237       2.2047
    3238       2.2910
    3239       2.2892
    3240       2.4462
    3241       2.2945
    3242       2.1568
    3243       2.1136
    3244       2.2779
    3245       2.2075
    3246       2.1015
    3247       2.2085
    3248       2.1397
    3249       2.0889
    3250       2.1565
    3251       2.1859
    3252       2.1564
    3253       2.2315
    3254       2.2341
    3255       2.2325
    3256       2.1084
    3257       2.0985
    3258       2.1513
    3259       2.1974
    3260       2.1738
    3261       2.2718
    3262       2.0693
    3263       2.2127
    3264       2.1941
    3265       2.1219
    3266       2.1273
    3267       2.1864
    3268       2.2591
    3269       2.2981
    3270       2.2392
    3271       2.1910
    3272       2.2353
    3273       2.1417
    3274       2.1862
    3275       2.2143
    3276       2.0637
    3277       2.1956
    3278       2.2476
    3279       2.1495
    3280       2.1613
    3281       2.3150
    3282       2.1741
    3283       2.2396
    3284       2.1926
    3285       2.1559
    3286       2.1666
    3287       2.2132
    3288       2.2110
    3289       2.2606
    3290       2.2636
    3291       2.2793
    3292       2.2480
    3293       2.2696
    3294       2.2431
    3295       2.2635
    3296       2.1332
    3297       2.2622
    3298       2.1658
    3299       2.2052
    3300       2.2130
    3301       2.1173
    3302       2.1161
    3303       2.2339
    3304       2.2698
    3305       2.2547
    3306       2.2219
    3307       2.2564
    3308       2.2121
    3309       2.1232
    3310       2.1669
    3311       2.2267
    3312       2.0554
    3313       2.1952
    3314       2.1290
    3315       2.0880
    3316       2.1258
    3317       2.2682
    3318       2.2167
    3319       2.1790
    3320       2.2757
    3321       2.1525
    3322       2.2466
    3323       2.1334
    3324       2.1614
    3325       2.1374
    3326       2.2843
    3327       2.0945
    3328       2.1597
    3329       2.1052
    3330       2.1699
    3331       2.2353
    3332       2.1869
    3333       2.1747
    3334       2.2279
    3335       2.1813
    3336       2.2177
    3337       2.1408
    3338       2.3161
    3339       2.1494
    3340       2.0977
    3341       2.1903
    3342       2.1859
    3343       2.2134
    3344       2.3328
    3345       2.2003
    3346       2.2140
    3347       2.2344
    3348       2.2826
    3349       2.2471
    3350       2.2639
    3351       2.2518
    3352       2.1398
    3353       2.0907
    3354       2.1549
    3355       2.2392
    3356       2.1476
    3357       2.0935
    3358       2.1317
    3359       2.1871
    3360       2.1367
    3361       2.2171
    3362       2.1690
    3363       2.1729
    3364       2.2174
    3365       2.2548
    3366       2.1539
    3367       2.2338
    3368       2.0979
    3369       2.2270
    3370       2.1964
    3371       2.1554
    3372       2.2045
    3373       2.3407
    3374       2.2317
    3375       2.1863
    3376       2.1721
    3377       2.3042
    3378       2.1903
    3379       2.2257
    3380       2.0873
    3381       2.1227
    3382       2.1702
    3383       2.2445
    3384       2.2673
    3385       2.3279
    3386       2.1969
    3387       2.2349
    3388       2.2566
    3389       2.1552
    3390       2.2095
    3391       2.0237
    3392       2.0835
    3393       2.1002
    3394       2.0265
    3395       2.0926
    3396       2.1258
    3397       2.3008
    3398       2.2071
    3399       2.1479
    3400       2.2213
    3401       2.2310
    3402       2.1989
    3403       2.1792
    3404       2.2282
    3405       2.1552
    3406       2.2539
    3407       2.2104
    3408       2.3067
    3409       2.1975
    3410       2.2995
    3411       2.3407
    3412       2.1590
    3413       2.1944
    3414       2.2037
    3415       2.0852
    3416       2.2669
    3417       2.1912
    3418       2.1879
    3419       2.3606
    3420       2.2940
    3421       2.3788
    3422       2.4120
    3423       2.4434
    3424       2.2643
    3425       2.3542
    3426       2.4376
    3427       2.3740
    3428       2.3100
    3429       2.2937
    3430       2.3475
    3431       2.2654
    3432       2.2404
    3433       2.1945
    3434       2.2522
    3435       2.2493
    3436       2.2154
    3437       2.2966
    3438       2.2294
    3439       2.2414
    3440       2.1463
    3441       2.2112
    3442       2.2155
    3443       2.1987
    3444       2.3473
    3445       2.3021
    3446       2.2778
    3447       2.2162
    3448       2.3867
    3449       2.1959
    3450       2.2648
    3451       2.2950
    3452       2.2676
    3453       2.2815
    3454       2.3341
    3455       2.3162
    3456       2.4141
    3457       2.2103
    3458       2.3815
    3459       2.1898
    3460       2.2344
    3461       2.2588
    3462       2.1790
    3463       2.1927
    3464       2.2415
    3465       2.2170
    3466       2.2293
    3467       2.3232
    3468       2.2786
    3469       2.3202
    3470       2.2347
    3471       2.3925
    3472       2.3074
    3473       2.2837
    3474       2.3687
    3475       2.3737
    3476       2.2859
    3477       2.4136
    3478       2.4546
    3479       2.6211
    3480       2.3604
    3481       2.2920
    3482       2.4142
    3483       2.4302
    3484       2.3212
    3485       2.3658
    3486       2.3358
    3487       2.3909
    3488       2.3791
    3489       2.3378
    3490       2.2070
    3491       2.2003
    3492       2.3560
    3493       2.4025
    3494       2.2708
    3495       2.2251
    3496       2.1972
    3497       2.3306
    3498       2.3216
    3499       2.3307
    3500       2.2771
    3501       2.2939
    3502       2.3099
    3503       2.4717
    3504       2.3647
    3505       2.3701
    3506       2.2577
    3507       2.2476
    3508       2.3784
    3509       2.3406
    3510       2.4052
    3511       2.2766
    3512       2.2306
    3513       2.1926
    3514       2.2794
    3515       2.4159
    3516       2.3730
    3517       2.3429
    3518       2.1514
    3519       2.2917
    3520       2.2968
    3521       2.2925
    3522       2.4331
    3523       2.4596
    3524       2.3662
    3525       2.3441
    3526       2.3669
    3527       2.4649
    3528       2.2516
    3529       2.4969
    3530       2.3702
    3531       2.4829
    3532       2.2691
    3533       2.2853
    3534       2.3088
    3535       2.3420
    3536       2.3415
    3537       2.3773
    3538       2.3141
    3539       2.1978
    3540       2.4900
    3541       2.3103
    3542       2.3568
    3543       2.3169
    3544       2.3056
    3545       2.3698
    3546       2.3814
    3547       2.2487
    3548       2.4096
    3549       2.5602
    3550       2.4162
    3551       2.5471
    3552       2.3522
    3553       2.4253
    3554       2.4428
    3555       2.3497
    3556       2.4972
    3557       2.4738
    3558       2.4520
    3559       2.5085
    3560       2.5642
    3561       2.3669
    3562       2.4866
    3563       2.5238
    3564       2.3832
    3565       2.5616
    3566       2.4746
    3567       2.5437
    3568       2.5070
    3569       2.6034
    3570       2.3727
    3571       2.2735
    3572       2.3932
    3573       2.3347
    3574       2.3558
    3575       2.3498
    3576       2.4883
    3577       2.3895
    3578       2.2435
    3579       2.4799
    3580       2.4780
    3581       2.3801
    3582       2.5200
    3583       2.4496
    3584       2.4337
    3585       2.3948
    3586       2.4254
    3587       2.5912
    3588       2.4367
    3589       2.5015
    3590       2.3046
    3591       2.3983
    3592       2.3744
    3593       2.4105
    3594       2.5386
    3595       2.5378
    3596       2.3047
    3597       2.4710
    3598       2.2629
    3599       2.4531
    3600       2.4572
    3601       2.3705
    3602       2.2769
    3603       2.4822
    3604       2.3176
    3605       2.3941
    3606       2.4503
    3607       2.3078
    3608       2.3788
    3609       2.3716
    3610       2.1931
    3611       2.4497
    3612       2.4311
    3613       2.5082
    3614       2.5587
    3615       2.3713
    3616       2.5287
    3617       2.4117
    3618       2.3792
    3619       2.4960
    3620       2.5559
    3621       2.6971
    3622       2.4733
    3623       2.3803
    3624       2.6500
    3625       2.4483
    3626       2.4370
    3627       2.4475
    3628       2.4564
    3629       2.5442
    3630       2.4853
    3631       2.2808
    3632       2.3239
    3633       2.4882
    3634       2.4615
    3635       2.5430
    3636       2.4165
    3637       2.4697
    3638       2.2329
    3639       2.4165
    3640       2.3167
    3641       2.5134
    3642       2.4167
    3643       2.5824
    3644       2.4095
    3645       2.3483
    3646       2.4845
    3647       2.4554
    3648       2.2467
    3649       2.2094
    3650       2.2090
    3651       2.1803
    3652       2.2444
    3653       2.3037
    3654       2.3566
    3655       2.2957
    3656       2.3021
    3657       2.2874
    3658       2.1894
    3659       2.3091
    3660       2.3525
    3661       2.4195
    3662       2.2770
    3663       2.3644
    3664       2.2468
    3665       2.3818
    3666       2.3770
    3667       2.3634
    3668       2.3719
    3669       2.3680
    3670       2.3452
    3671       2.2666
    3672       2.3847
    3673       2.2786
    3674       2.2987
    3675       2.3171
    3676       2.2887
    3677       2.4947
    3678       2.3133
    3679       2.3394
    3680       2.3380
    3681       2.3247
    3682       2.2749
    3683       2.4116
    3684       2.2637
    3685       2.2703
    3686       2.2135
    3687       2.3648
    3688       2.2596
    3689       2.3976
    3690       2.3344
    3691       2.2286
    3692       2.2784
    3693       2.2997
    3694       2.2463
    3695       2.3880
    3696       2.2373
    3697       2.2170
    3698       2.3085
    3699       2.3447
    3700       2.2420
    3701       2.3347
    3702       2.2593
    3703       2.2826
    3704       2.2172
    3705       2.0917
    3706       2.2803
    3707       2.2617
    3708       2.2831
    3709       2.3349
    3710       2.3066
    3711       2.2822
    3712       2.0982
    3713       2.2433
    3714       2.2079
    3715       2.3178
    3716       2.2535
    3717       2.4180
    3718       2.2157
    3719       2.2821
    3720       2.2792
    3721       2.1319
    3722       2.2029
    3723       2.2322
    3724       2.1888
    3725       2.2008
    3726       2.3691
    3727       2.3431
    3728       2.3520
    3729       2.2971
    3730       2.3815
    3731       2.3119
    3732       2.2124
    3733       2.4208
    3734       2.2406
    3735       2.4283
    3736       2.3224
    3737       2.2750
    3738       2.3199
    3739       2.3816
    3740       2.1962
    3741       2.1276
    3742       2.1634
    3743       2.2269
    3744       2.2794
    3745       2.3319
    3746       2.2552
    3747       2.3866
    3748       2.2546
    3749       2.1659
    3750       2.2260
    3751       2.3109
    3752       2.2300
    3753       2.2290
    3754       2.1996
    3755       2.1928
    3756       2.3586
    3757       2.3716
    3758       2.2859
    3759       2.2816
    3760       2.2420
    3761       2.2211
    3762       2.3800
    3763       2.3594
    3764       2.4752
    3765       2.3231
    3766       2.3215
    3767       2.3523
    3768       2.3065
    3769       2.2798
    3770       2.2075
    3771       2.4137
    3772       2.2483
    3773       2.2375
    3774       2.2250
    3775       2.3133
    3776       2.1888
    3777       2.3724
    3778       2.1884
    3779       2.4380
    3780       2.4058
    3781       2.2024
    3782       2.3032
    3783       2.2449
    3784       2.2863
    3785       2.2378
    3786       2.1985
    3787       2.3313
    3788       2.3356
    3789       2.1982
    3790       2.1736
    3791       2.2379
    3792       2.1735
    3793       2.2256
    3794       2.1605
    3795       2.2333
    3796       2.2636
    3797       2.2239
    3798       2.3590
    3799       2.4081
    3800       2.2550
    3801       2.2086
    3802       2.3363
    3803       2.1354
    3804       2.1967
    3805       2.2565
    3806       2.2766
    3807       2.2295
    3808       2.3520
    3809       2.2492
    3810       2.2979
    3811       2.2370
    3812       2.2782
    3813       2.4253
    3814       2.3239
    3815       2.2218
    3816       2.3504
    3817       2.2756
    3818       2.2920
    3819       2.1503
    3820       2.1813
    3821       2.1870
    3822       2.2187
    3823       2.2383
    3824       2.1829
    3825       2.1760
    3826       2.2382
    3827       2.2165
    3828       2.2007
    3829       2.1444
    3830       2.2278
    3831       2.1969
    3832       2.3066
    3833       2.3747
    3834       2.3247
    3835       2.1263
    3836       2.1148
    3837       2.2278
    3838       2.3055
    3839       2.2128
    3840       2.1138
    3841       2.1900
    3842       2.2366
    3843       2.0846
    3844       2.2304
    3845       2.1881
    3846       2.1718
    3847       2.1156
    3848       2.1176
    3849       2.1626
    3850       2.2389
    3851       2.2628
    3852       2.1861
    3853       2.1706
    3854       2.3742
    3855       2.2101
    3856       2.2507
    3857       2.2216
    3858       2.2735
    3859       2.3307
    3860       2.3082
    3861       2.2478
    3862       2.1182
    3863       2.1497
    3864       2.1905
    3865       2.1689
    3866       2.3221
    3867       2.1957
    3868       2.2011
    3869       2.2930
    3870       2.1320
    3871       2.2700
    3872       2.3126
    3873       2.2449
    3874       2.3605
    3875       2.0764
    3876       2.2724
    3877       2.2932
    3878       2.1888
    3879       2.2824
    3880       2.3596
    3881       2.3079
    3882       2.3726
    3883       2.3459
    3884       2.1837
    3885       2.1253
    3886       2.2343
    3887       2.1218
    3888       2.2032
    3889       2.2558
    3890       2.2767
    3891       2.3891
    3892       2.1339
    3893       2.2042
    3894       2.1957
    3895       2.2924
    3896       2.1430
    3897       2.1817
    3898       2.1371
    3899       2.1039
    3900       2.1860
    3901       2.2569
    3902       2.1939
    3903       2.1360
    3904       2.1944
    3905       2.3428
    3906       2.3365
    3907       2.2456
    3908       2.2392
    3909       2.1642
    3910       2.1815
    3911       2.2129
    3912       2.3303
    3913       2.2230
    3914       2.0981
    3915       2.2715
    3916       2.1549
    3917       2.2684
    3918       2.1953
    3919       2.2100
    3920       2.2611
    3921       2.3339
    3922       2.1954
    3923       2.2226
    3924       2.3957
    3925       2.0949
    3926       2.1424
    3927       2.3033
    3928       2.2052
    3929       2.1305
    3930       2.1540
    3931       2.1183
    3932       2.2680
    3933       2.2031
    3934       2.1863
    3935       2.2657
    3936       2.1922
    3937       2.2303
    3938       2.1461
    3939       2.1481
    3940       2.2418
    3941       2.2223
    3942       2.2712
    3943       2.2777
    3944       2.3573
    3945       2.2873
    3946       2.3571
    3947       2.4043
    3948       2.1486
    3949       2.4172
    3950       2.2779
    3951       2.2672
    3952       2.2885
    3953       2.1272
    3954       2.2495
    3955       2.2246
    3956       2.2055
    3957       2.2004
    3958       2.1824
    3959       2.1753
    3960       2.1050
    3961       2.2369
    3962       2.2204
    3963       2.1906
    3964       2.2598
    3965       2.1779
    3966       2.2903
    3967       2.1529
    3968       2.2405
    3969       2.2604
    3970       2.2055
    3971       2.2263
    3972       2.1687
    3973       2.2042
    3974       2.2589
    3975       2.2416
    3976       2.2210
    3977       2.1597
    3978       2.1305
    3979       2.2046
    3980       2.1887
    3981       2.2947
    3982       2.1923
    3983       2.2599
    3984       2.1771
    3985       2.2058
    3986       2.1708
    3987       2.2370
    3988       2.3879
    3989       2.2354
    3990       2.3816
    3991       2.3955
    3992       2.2912
    3993       2.2077
    3994       2.1550
    3995       2.3011
    3996       2.2535
    3997       2.2127
    3998       2.1369
    3999       2.2890
    4000       2.4069
