#Res        AtomicFlx
   1.000       1.9411
   2.000       1.4224
   3.000       1.8490
   4.000       2.0181
   5.000       1.5471
   6.000       1.1896
   7.000       1.2470
   8.000       1.3938
   9.000       1.7311
  10.000       1.4918
  11.000       1.3550
  12.000       1.5439
  13.000       1.4509
  14.000       1.0748
  15.000       1.3257
  16.000       0.9166
  17.000       0.9619
  18.000       1.0144
  19.000       0.9007
  20.000       1.0944
  21.000       0.9553
  22.000       0.8657
  23.000       0.8695
  24.000       1.4769
  25.000       0.8127
  26.000       1.0139
  27.000       1.2488
  28.000       0.8157
  29.000       1.0880
  30.000       1.3187
  31.000       0.9594
  32.000       1.2192
  33.000       1.3431
  34.000       0.9624
  35.000       0.8884
  36.000       1.1067
  37.000       1.0132
  38.000       0.7858
  39.000       1.0521
  40.000       1.2262
  41.000       0.9881
  42.000       1.0501
  43.000       1.2504
  44.000       1.4322
  45.000       1.2798
  46.000       1.1669
  47.000       1.3820
  48.000       1.4105
  49.000       1.0636
  50.000       0.9181
  51.000       0.8295
  52.000       0.6911
  53.000       0.6914
  54.000       0.6966
  55.000       0.8030
  56.000       0.7363
  57.000       0.6764
  58.000       0.7441
  59.000       0.7644
  60.000       0.7775
  61.000       0.7612
  62.000       0.7986
  63.000       0.8205
  64.000       0.8192
  65.000       0.8295
  66.000       0.9020
  67.000       1.0577
  68.000       1.1945
  69.000       1.1893
  70.000       1.0295
  71.000       1.1754
  72.000       0.9467
  73.000       0.8514
  74.000       0.7390
  75.000       0.7212
  76.000       0.6932
  77.000       0.6907
  78.000       0.7987
  79.000       0.7018
  80.000       0.7793
  81.000       0.7207
  82.000       0.7313
  83.000       0.8588
  84.000       0.7326
  85.000       0.6852
  86.000       0.7878
  87.000       0.8091
  88.000       0.7076
  89.000       0.7373
  90.000       0.8596
  91.000       0.8953
  92.000       0.8522
  93.000       0.9317
  94.000       0.8534
  95.000       0.9164
  96.000       1.0373
  97.000       0.9357
  98.000       0.8009
  99.000       0.8720
 100.000       0.8433
 101.000       0.8431
 102.000       0.8936
 103.000       0.9299
 104.000       0.8677
 105.000       0.8089
 106.000       1.0268
 107.000       1.1446
 108.000       1.0417
 109.000       1.2048
 110.000       1.2087
 111.000       1.3789
 112.000       1.1871
 113.000       1.3354
 114.000       1.0730
 115.000       0.9014
 116.000       0.9919
 117.000       0.9176
 118.000       0.8268
 119.000       0.9311
 120.000       1.1829
 121.000       1.1202
 122.000       0.9363
 123.000       0.8449
 124.000       0.7338
 125.000       0.9249
 126.000       1.2047
 127.000       1.1064
 128.000       0.9851
 129.000       0.7262
 130.000       0.6726
 131.000       0.8678
 132.000       0.8493
 133.000       0.9868
 134.000       0.9246
 135.000       0.7710
 136.000       0.7984
 137.000       0.9575
 138.000       0.8452
 139.000       0.7780
 140.000       0.8515
 141.000       0.9521
 142.000       0.9379
 143.000       0.9077
 144.000       0.9749
 145.000       1.2609
 146.000       1.5965
 147.000       1.9367
 148.000       1.3395
 149.000       1.2755
 150.000       1.0796
 151.000       1.1741
 152.000       1.0463
 153.000       1.0280
 154.000       0.6803
 155.000       0.5997
 156.000       0.6154
 157.000       0.6174
 158.000       0.6024
 159.000       0.6370
 160.000       0.7437
 161.000       0.8120
 162.000       0.9125
 163.000       1.2490
 164.000       1.4653
 165.000       1.3186
 166.000       1.3189
 167.000       1.2513
 168.000       1.1402
 169.000       1.1804
 170.000       1.1574
 171.000       1.0996
 172.000       1.0932
 173.000       1.1895
 174.000       1.1518
 175.000       1.0862
 176.000       0.9638
 177.000       0.8101
 178.000       0.9156
 179.000       0.9700
 180.000       1.0068
 181.000       0.8740
 182.000       0.7782
 183.000       0.7454
 184.000       0.8395
 185.000       0.8267
 186.000       0.7641
 187.000       1.0793
 188.000       1.1249
 189.000       0.9918
 190.000       0.9440
 191.000       0.8042
 192.000       0.7195
 193.000       0.9141
 194.000       0.7704
 195.000       0.8152
 196.000       0.7896
 197.000       0.8487
 198.000       0.8898
 199.000       0.9426
 200.000       1.2039
 201.000       1.2188
 202.000       1.4098
 203.000       1.1752
 204.000       0.9572
 205.000       0.9166
 206.000       0.9360
 207.000       0.9804
 208.000       0.8409
 209.000       0.7174
 210.000       0.7228
 211.000       0.6768
 212.000       0.8420
 213.000       0.7685
 214.000       0.7807
 215.000       0.7556
 216.000       0.6639
 217.000       0.8004
 218.000       0.9770
 219.000       1.1064
 220.000       1.1703
 221.000       1.5342
 222.000       1.8927
 223.000       1.6635
 224.000       1.2935
 225.000       0.8903
 226.000       0.8672
 227.000       0.7730
 228.000       0.7005
 229.000       0.7601
 230.000       0.7881
 231.000       0.8737
 232.000       0.8734
 233.000       1.0544
 234.000       1.0495
 235.000       1.2893
 236.000       1.2760
 237.000       1.2227
 238.000       1.1916
 239.000       0.9265
 240.000       0.7551
 241.000       0.6883
 242.000       0.6826
 243.000       0.7042
 244.000       0.7032
 245.000       0.6814
 246.000       0.6850
 247.000       0.6804
 248.000       0.6696
 249.000       0.6646
 250.000       0.7161
 251.000       0.7299
 252.000       1.0622
 253.000       1.0581
 254.000       1.3940
 255.000       1.4470
 256.000       1.3784
 257.000       1.4307
 258.000       0.9143
 259.000       0.7858
 260.000       0.9391
 261.000       0.8419
 262.000       0.7425
 263.000       0.8474
 264.000       0.9409
 265.000       1.0813
 266.000       1.1069
 267.000       1.1717
 268.000       1.0456
 269.000       0.8242
 270.000       0.8567
 271.000       0.6886
 272.000       0.7492
 273.000       0.6738
 274.000       0.6625
 275.000       0.6504
 276.000       0.6426
 277.000       0.7111
 278.000       0.7373
 279.000       0.9257
 280.000       0.9525
 281.000       0.8367
 282.000       0.8520
 283.000       1.0075
 284.000       1.0111
 285.000       1.1485
 286.000       1.2593
 287.000       1.3541
 288.000       1.1868
 289.000       1.0688
 290.000       0.8788
 291.000       0.8641
 292.000       0.8121
 293.000       0.6832
 294.000       0.5953
 295.000       0.7157
 296.000       0.6253
 297.000       0.7238
 298.000       0.8244
 299.000       0.8038
 300.000       1.0722
 301.000       1.1596
 302.000       0.8938
 303.000       1.3480
 304.000       0.8089
 305.000       0.6529
 306.000       0.6422
 307.000       0.6369
 308.000       0.6143
 309.000       0.6785
 310.000       0.6495
 311.000       0.7612
 312.000       0.8459
 313.000       0.9782
 314.000       1.0594
 315.000       1.5708
 316.000       1.8034
 317.000       2.3664
 318.000       2.4111
 319.000       2.1299
 320.000       1.4975
 321.000       1.1543
 322.000       1.0818
 323.000       1.0451
 324.000       0.9383
 325.000       0.8086
 326.000       0.7417
 327.000       0.6846
 328.000       0.7299
 329.000       0.7704
 330.000       0.7762
 332.000       5.5260
 333.000       2.9421
 334.000       2.1822
 335.000       1.3882
 336.000       1.1704
 337.000       0.9755
 338.000       0.8388
 339.000       0.8212
 340.000       0.8602
 341.000       1.0241
 342.000       1.2023
 343.000       1.6118
 344.000       1.7112
 345.000       1.6588
 346.000       1.4358
 347.000       0.9294
 348.000       1.1991
 349.000       0.8874
 350.000       0.9635
 351.000       0.9440
 352.000       0.8264
 353.000       1.0409
 354.000       1.1891
 355.000       1.0777
 356.000       1.0877
 357.000       1.1423
 358.000       1.1791
 359.000       1.5597
 360.000       1.7365
 361.000       1.5768
 362.000       1.3824
 363.000       1.1683
 364.000       1.2765
 365.000       1.3676
 366.000       1.0434
 367.000       1.0690
 368.000       1.3036
 369.000       1.2519
 370.000       1.1402
 371.000       1.4064
 372.000       1.4836
 373.000       1.3558
 374.000       1.4328
 375.000       1.6160
 376.000       1.3963
 377.000       1.1681
 378.000       1.3799
 379.000       1.3982
 380.000       1.2420
 381.000       1.1217
 382.000       0.8970
 383.000       0.8099
 384.000       0.7367
 385.000       0.8454
 386.000       0.6803
 387.000       0.6179
 388.000       0.7431
 389.000       0.8447
 390.000       0.7624
 391.000       0.8392
 392.000       0.7136
 393.000       0.7202
 394.000       0.7645
 395.000       0.8111
 396.000       0.8005
 397.000       0.9211
 398.000       1.1070
 399.000       1.1556
 400.000       1.2870
 401.000       1.0635
 402.000       1.2502
 403.000       1.0799
 404.000       0.8656
 405.000       0.8477
 406.000       0.6968
 407.000       0.7701
 408.000       0.8163
 409.000       0.9583
 410.000       0.9481
 411.000       1.1284
 412.000       0.8235
 413.000       0.8049
 414.000       0.9505
 415.000       0.7699
 416.000       0.7458
 417.000       0.8322
 418.000       0.8613
 419.000       0.7922
 420.000       0.7926
 421.000       0.9264
 422.000       0.9630
 423.000       0.9212
 424.000       1.0083
 425.000       0.9119
 426.000       0.9807
 427.000       1.1390
 428.000       1.0186
 429.000       0.8405
 430.000       0.9239
 431.000       0.8728
 432.000       0.9625
 433.000       1.0166
 434.000       1.1857
 435.000       1.1152
 436.000       1.0626
 437.000       1.3788
 438.000       1.9033
 439.000       1.9322
 440.000       2.0194
 441.000       2.0432
 442.000       2.1277
 443.000       2.0055
 444.000       1.8056
 445.000       1.4187
 446.000       1.1346
 447.000       1.1105
 448.000       0.8713
 449.000       0.7205
 450.000       0.6733
 451.000       0.6758
 452.000       0.6371
 453.000       0.9298
 454.000       1.1132
 455.000       1.3913
 456.000       1.3890
 457.000       1.3123
 458.000       1.2225
 459.000       1.2533
 460.000       1.3042
 461.000       1.1427
 462.000       1.1080
 463.000       0.8574
 464.000       0.8901
 465.000       1.1693
 466.000       1.1046
 467.000       1.0047
 468.000       0.9849
 469.000       1.1246
 470.000       1.0504
 471.000       0.9713
 472.000       1.1671
 473.000       1.2393
 474.000       1.1728
 475.000       1.0848
 476.000       1.6670
 477.000       1.7646
 478.000       1.8056
 479.000       1.5557
 480.000       1.0048
 481.000       0.8092
 482.000       0.6233
 483.000       0.6192
 484.000       0.6915
 485.000       0.6524
 486.000       0.7683
 487.000       0.7580
 488.000       0.7203
 489.000       0.6892
 490.000       0.6963
 491.000       0.7293
 492.000       0.7476
 493.000       0.7955
 494.000       0.9158
 495.000       1.0117
 496.000       1.0553
 497.000       1.1641
 498.000       1.1805
 499.000       1.0695
 500.000       0.9484
 501.000       0.9555
 502.000       1.0003
 503.000       0.8141
 504.000       0.8337
 505.000       0.9407
 506.000       0.7939
 507.000       0.7988
 508.000       0.8801
 509.000       0.9103
 510.000       1.0934
 511.000       1.1510
 512.000       0.8549
 513.000       0.8487
 514.000       0.7639
 515.000       0.8401
 516.000       0.8655
 517.000       0.7517
 518.000       0.8154
 519.000       0.9461
 520.000       0.8069
 521.000       0.9537
 522.000       0.7778
 523.000       0.7337
 524.000       0.8023
 525.000       0.8342
 526.000       0.7789
 527.000       1.1534
 528.000       1.4590
 529.000       1.6353
 530.000       1.2915
 531.000       1.4247
 532.000       1.8086
 533.000       1.7807
 534.000       1.4207
 535.000       1.3132
 536.000       1.0810
 537.000       1.0127
 538.000       1.1303
 539.000       0.9477
 540.000       0.9094
 541.000       0.9236
 542.000       0.9796
 543.000       0.8562
 544.000       0.8481
 545.000       0.8463
 546.000       0.8581
 547.000       0.8649
 548.000       1.2190
 549.000       1.2938
 550.000       1.0912
 551.000       1.1258
 552.000       1.4050
 553.000       1.6455
 554.000       1.5405
 555.000       1.4891
 556.000       1.1534
 557.000       0.9254
 558.000       0.8238
 559.000       0.8599
 560.000       0.9525
 561.000       0.9686
 562.000       1.0560
 563.000       1.0383
 564.000       1.2588
 565.000       1.3205
 566.000       1.4847
 567.000       1.5384
 568.000       1.2947
 569.000       1.2773
 570.000       1.0823
 571.000       0.9515
 572.000       0.7991
 573.000       0.7026
 574.000       0.6636
 575.000       0.6806
 576.000       0.6993
 577.000       0.7093
 578.000       0.7545
 579.000       0.7383
 580.000       0.6828
 581.000       0.7055
 582.000       0.7589
 583.000       0.9860
 584.000       1.9272
 585.000       2.2254
 586.000       2.7016
 587.000       2.1616
 588.000       1.7275
 589.000       1.7105
 590.000       1.5761
 591.000       1.0989
 592.000       0.9588
 593.000       0.9387
 594.000       0.9129
 595.000       1.2232
 596.000       1.3547
 597.000       1.4553
 598.000       1.7906
 599.000       1.9833
 600.000       2.0096
 601.000       1.6539
 602.000       1.3131
 603.000       1.1103
 604.000       0.8654
 605.000       0.7061
 606.000       0.6277
 607.000       0.6396
 608.000       0.7120
 609.000       0.7094
 610.000       0.7531
 611.000       0.8847
 612.000       0.9102
 613.000       1.0400
 614.000       1.4457
 615.000       1.3872
 616.000       1.4158
 617.000       1.4804
 618.000       1.7003
 619.000       1.5503
 620.000       1.4002
 621.000       1.1740
 622.000       1.0945
 623.000       0.9807
 624.000       0.8746
 625.000       0.7681
 626.000       0.8894
 627.000       0.7839
 628.000       0.9144
 629.000       1.1569
 630.000       1.2476
 631.000       1.7244
 632.000       1.7950
 633.000       1.7085
 634.000       2.0519
 635.000       1.7442
 636.000       1.1868
 637.000       0.9024
 638.000       0.8329
 639.000       0.7676
 640.000       0.7955
 641.000       0.7764
 642.000       0.8775
 643.000       0.9843
 644.000       1.1680
 645.000       1.1322
 646.000       1.4067
 647.000       2.6251
 648.000       3.0568
 649.000       3.5275
 650.000       3.7875
 651.000       2.7541
 652.000       1.9753
 653.000       1.2103
 654.000       1.1073
 655.000       1.0237
 656.000       0.9156
 657.000       0.9103
 658.000       0.7271
 659.000       0.7604
 660.000       0.8693
 661.000       1.1623
