#Frame            pro
       1       0.0000
       2       0.8090
       3       0.8471
       4       0.8754
       5       1.0214
       6       1.0817
       7       1.0613
       8       1.0342
       9       1.2163
      10       1.2848
      11       1.0733
      12       0.9765
      13       1.0930
      14       1.0489
      15       1.1693
      16       1.0431
      17       1.0537
      18       1.2522
      19       1.1751
      20       1.2484
      21       1.3940
      22       1.2014
      23       1.2976
      24       1.3280
      25       1.4129
      26       1.2207
      27       1.2141
      28       1.3416
      29       1.1999
      30       1.1595
      31       1.2627
      32       1.2703
      33       1.2629
      34       1.1642
      35       1.1489
      36       1.2943
      37       1.2286
      38       1.2562
      39       1.2076
      40       1.2459
      41       1.2170
      42       1.3593
      43       1.2676
      44       1.2068
      45       1.4144
      46       1.2362
      47       1.3892
      48       1.6456
      49       1.4897
      50       1.4351
      51       1.4814
      52       1.2508
      53       1.3340
      54       1.2816
      55       1.3219
      56       1.3082
      57       1.2882
      58       1.3222
      59       1.4326
      60       1.3578
      61       1.3688
      62       1.2093
      63       1.3298
      64       1.3352
      65       1.4313
      66       1.3873
      67       1.4293
      68       1.4043
      69       1.4353
      70       1.5448
      71       1.4014
      72       1.4066
      73       1.3561
      74       1.3959
      75       1.3502
      76       1.3667
      77       1.3997
      78       1.3507
      79       1.3845
      80       1.4120
      81       1.3496
      82       1.2544
      83       1.3519
      84       1.3599
      85       1.2342
      86       1.2944
      87       1.4279
      88       1.5224
      89       1.4554
      90       1.3324
      91       1.4856
      92       1.3835
      93       1.3800
      94       1.3616
      95       1.3203
      96       1.3379
      97       1.4512
      98       1.4093
      99       1.3847
     100       1.3517
     101       1.4283
     102       1.4126
     103       1.4915
     104       1.4086
     105       1.4660
     106       1.4011
     107       1.4420
     108       1.4543
     109       1.3755
     110       1.4229
     111       1.4763
     112       1.4703
     113       1.4425
     114       1.4544
     115       1.4037
     116       1.4333
     117       1.3421
     118       1.4045
     119       1.5809
     120       1.4719
     121       1.6640
     122       1.4443
     123       1.3809
     124       1.4883
     125       1.3848
     126       1.5231
     127       1.4527
     128       1.3649
     129       1.4055
     130       1.4772
     131       1.3289
     132       1.3625
     133       1.2419
     134       1.4073
     135       1.3949
     136       1.3808
     137       1.3855
     138       1.4743
     139       1.3921
     140       1.5086
     141       1.4200
     142       1.5675
     143       1.6309
     144       1.5246
     145       1.5383
     146       1.5994
     147       1.5452
     148       1.6837
     149       1.5414
     150       1.5933
     151       1.7050
     152       1.8794
     153       1.5678
     154       1.6711
     155       1.7585
     156       1.7140
     157       1.6507
     158       1.6834
     159       1.6753
     160       1.7565
     161       1.6849
     162       1.5829
     163       1.5711
     164       1.5542
     165       1.5204
     166       1.5827
     167       1.5680
     168       1.5214
     169       1.6353
     170       1.6130
     171       1.4519
     172       1.5040
     173       1.6704
     174       1.4704
     175       1.4647
     176       1.6536
     177       1.5568
     178       1.5529
     179       1.4293
     180       1.4994
     181       1.5593
     182       1.5287
     183       1.6415
     184       1.6074
     185       1.6741
     186       1.6090
     187       1.5124
     188       1.4795
     189       1.5647
     190       1.6236
     191       1.6576
     192       1.6931
     193       1.6594
     194       1.5417
     195       1.4465
     196       1.5739
     197       1.5189
     198       1.4367
     199       1.5755
     200       1.5277
     201       1.6134
     202       1.6710
     203       1.5787
     204       1.5381
     205       1.6967
     206       1.7550
     207       1.5998
     208       1.5641
     209       1.5447
     210       1.5181
     211       1.6009
     212       1.5594
     213       1.5379
     214       1.5763
     215       1.6160
     216       1.5638
     217       1.5865
     218       1.7323
     219       1.6120
     220       1.5216
     221       1.5303
     222       1.5322
     223       1.6108
     224       1.5355
     225       1.6772
     226       1.6139
     227       1.6453
     228       1.8246
     229       1.7289
     230       1.6288
     231       1.6206
     232       1.6402
     233       1.5485
     234       1.6282
     235       1.6101
     236       1.5383
     237       1.6270
     238       1.5803
     239       1.5616
     240       1.5712
     241       1.5579
     242       1.6530
     243       1.8049
     244       1.7046
     245       1.6707
     246       1.7705
     247       1.6863
     248       1.6299
     249       1.6061
     250       1.5660
     251       1.5069
     252       1.5243
     253       1.5052
     254       1.6489
     255       1.6729
     256       1.5729
     257       1.6768
     258       1.5321
     259       1.4395
     260       1.4844
     261       1.6130
     262       1.4800
     263       1.4625
     264       1.6921
     265       1.6072
     266       1.5722
     267       1.6694
     268       1.5400
     269       1.5282
     270       1.5253
     271       1.5843
     272       1.6304
     273       1.6229
     274       1.4564
     275       1.4916
     276       1.5908
     277       1.6243
     278       1.6281
     279       1.6918
     280       1.8237
     281       1.8011
     282       1.8309
     283       1.8014
     284       1.7554
     285       1.7881
     286       1.7591
     287       1.7955
     288       1.8300
     289       1.7826
     290       1.8206
     291       1.6808
     292       1.6936
     293       1.7177
     294       1.7498
     295       1.6273
     296       1.6472
     297       1.7041
     298       1.6940
     299       1.6079
     300       1.5589
     301       1.6222
     302       1.7118
     303       1.6357
     304       1.7817
     305       1.7941
     306       1.7004
     307       1.8576
     308       1.7768
     309       1.8462
     310       1.7416
     311       1.7534
     312       1.5867
     313       1.8179
     314       1.6590
     315       1.7599
     316       1.6648
     317       1.6795
     318       1.7692
     319       1.7886
     320       1.6576
     321       1.7506
     322       1.6761
     323       1.7421
     324       1.6211
     325       1.6140
     326       1.6544
     327       1.6595
     328       1.5481
     329       1.6567
     330       1.5054
     331       1.5525
     332       1.7791
     333       1.7336
     334       1.7627
     335       1.7021
     336       1.8090
     337       1.7221
     338       1.6953
     339       1.6622
     340       1.7554
     341       1.6712
     342       1.5528
     343       1.7341
     344       1.5972
     345       1.7239
     346       1.7361
     347       1.7426
     348       1.6717
     349       1.5961
     350       1.6005
     351       1.6752
     352       1.6186
     353       1.5348
     354       1.5168
     355       1.5468
     356       1.7324
     357       1.5701
     358       1.5771
     359       1.5795
     360       1.5500
     361       1.6656
     362       1.6160
     363       1.6728
     364       1.5881
     365       1.5765
     366       1.6393
     367       1.7368
     368       1.6790
     369       1.7148
     370       1.6578
     371       1.7668
     372       1.6589
     373       1.7144
     374       1.6718
     375       1.6509
     376       1.6554
     377       1.6442
     378       1.7208
     379       1.7132
     380       1.7141
     381       1.7046
     382       1.6389
     383       1.6598
     384       1.6985
     385       1.6983
     386       1.6820
     387       1.6690
     388       1.7322
     389       1.6535
     390       1.6672
     391       1.6496
     392       1.6993
     393       1.7087
     394       1.6541
     395       1.7489
     396       1.6562
     397       1.6752
     398       1.6227
     399       1.6814
     400       1.6034
     401       1.6588
     402       1.7582
     403       1.7233
     404       1.6463
     405       1.7385
     406       1.7229
     407       1.7744
     408       1.7172
     409       1.6976
     410       1.7063
     411       1.6970
     412       1.6451
     413       1.7025
     414       1.6751
     415       1.7604
     416       1.5457
     417       1.5791
     418       1.6752
     419       1.6135
     420       1.6609
     421       1.6193
     422       1.6937
     423       1.5723
     424       1.6359
     425       1.6103
     426       1.7192
     427       1.7450
     428       1.6986
     429       1.7349
     430       1.7020
     431       1.6669
     432       1.6216
     433       1.6521
     434       1.7784
     435       1.7660
     436       1.7065
     437       1.7588
     438       1.7362
     439       1.7878
     440       1.6802
     441       1.7233
     442       1.7934
     443       1.8730
     444       1.8544
     445       1.9509
     446       2.1291
     447       1.8170
     448       1.8172
     449       1.7972
     450       1.8834
     451       1.8782
     452       1.8997
     453       1.7824
     454       1.8445
     455       1.9124
     456       1.8949
     457       1.8379
     458       1.8773
     459       1.8434
     460       1.7838
     461       1.8279
     462       1.9477
     463       1.7763
     464       1.8212
     465       1.8191
     466       1.8389
     467       1.7281
     468       1.8115
     469       1.7621
     470       1.6171
     471       1.6399
     472       1.7648
     473       1.7580
     474       1.7577
     475       1.6318
     476       1.7846
     477       1.6462
     478       1.6675
     479       1.5625
     480       1.5793
     481       1.8140
     482       1.8669
     483       1.7998
     484       1.6670
     485       1.8212
     486       1.7726
     487       1.7548
     488       1.6496
     489       1.8028
     490       1.8305
     491       1.8204
     492       1.7331
     493       1.8481
     494       1.8721
     495       1.7592
     496       1.6893
     497       1.8323
     498       1.7097
     499       1.6838
     500       1.7118
     501       1.6273
     502       1.5987
     503       1.6160
     504       1.7017
     505       1.6889
     506       1.7393
     507       1.7745
     508       1.6692
     509       1.6729
     510       1.7193
     511       1.7258
     512       1.8409
     513       1.7844
     514       1.7639
     515       1.7834
     516       1.7844
     517       1.8243
     518       1.8314
     519       1.7466
     520       1.6822
     521       1.6577
     522       1.6675
     523       1.8340
     524       1.8194
     525       1.8487
     526       1.9136
     527       1.7154
     528       1.9130
     529       1.9523
     530       1.7870
     531       1.9088
     532       1.8259
     533       1.9337
     534       1.7899
     535       1.8236
     536       1.7758
     537       1.8240
     538       1.7434
     539       1.7574
     540       1.8065
     541       1.8138
     542       1.7098
     543       1.8888
     544       1.7794
     545       1.8046
     546       1.8281
     547       1.8623
     548       1.7520
     549       1.7120
     550       1.6992
     551       1.7095
     552       1.7747
     553       1.8319
     554       1.8278
     555       1.7134
     556       1.7473
     557       1.7666
     558       1.7777
     559       1.7345
     560       1.8461
     561       1.6973
     562       1.7100
     563       1.7578
     564       1.7683
     565       1.6712
     566       1.7587
     567       1.7302
     568       1.7582
     569       1.7771
     570       1.7496
     571       1.7825
     572       1.7255
     573       1.7637
     574       1.7577
     575       1.8689
     576       1.8821
     577       1.7656
     578       1.7424
     579       1.8538
     580       1.7154
     581       1.8083
     582       1.7468
     583       1.9638
     584       1.8004
     585       1.7913
     586       1.8227
     587       1.9305
     588       1.8511
     589       1.7674
     590       1.8176
     591       1.7526
     592       1.8576
     593       1.8161
     594       1.8445
     595       1.7936
     596       1.8253
     597       1.9450
     598       1.8958
     599       1.8063
     600       1.7603
     601       1.7413
     602       1.8049
     603       1.8701
     604       1.7661
     605       1.7972
     606       1.7438
     607       1.7683
     608       1.6867
     609       1.7127
     610       1.7436
     611       1.7135
     612       1.7667
     613       1.8330
     614       1.7806
     615       1.7863
     616       1.8550
     617       1.7961
     618       1.9341
     619       1.8245
     620       1.9941
     621       1.8462
     622       1.8302
     623       1.9435
     624       1.7356
     625       1.6896
     626       1.8318
     627       1.9133
     628       1.7365
     629       1.8854
     630       1.9404
     631       1.8321
     632       1.8466
     633       1.8917
     634       1.8004
     635       1.9039
     636       1.8482
     637       1.8813
     638       1.8496
     639       1.9103
     640       1.8828
     641       1.8961
     642       1.9131
     643       1.7284
     644       1.7869
     645       1.8190
     646       1.8600
     647       1.9646
     648       2.0325
     649       1.8743
     650       1.9043
     651       1.8115
     652       1.8612
     653       1.8469
     654       1.9458
     655       1.8804
     656       1.8724
     657       1.9019
     658       2.0501
     659       2.0128
     660       1.8940
     661       1.8979
     662       1.9281
     663       1.9497
     664       1.8912
     665       1.8529
     666       1.9051
     667       1.9780
     668       2.0075
     669       1.9561
     670       1.9666
     671       2.2073
     672       2.1109
     673       2.0136
     674       2.2577
     675       2.2289
     676       2.1167
     677       2.0952
     678       1.9877
     679       2.0629
     680       1.7960
     681       2.0244
     682       1.9273
     683       1.9936
     684       1.9583
     685       1.9299
     686       2.0520
     687       2.0140
     688       1.9469
     689       1.9770
     690       2.0131
     691       1.9110
     692       1.9642
     693       1.8861
     694       1.9076
     695       1.9511
     696       1.9070
     697       1.9115
     698       1.8953
     699       2.0373
     700       1.9993
     701       1.9590
     702       1.9879
     703       1.9161
     704       1.9435
     705       1.9853
     706       1.9913
     707       1.9394
     708       1.9073
     709       2.1426
     710       1.9733
     711       1.9896
     712       2.0067
     713       2.0264
     714       1.9515
     715       1.9383
     716       1.9835
     717       1.9300
     718       1.9765
     719       1.9899
     720       1.9638
     721       2.0406
     722       1.9732
     723       1.9189
     724       2.1627
     725       1.9891
     726       1.9831
     727       1.9825
     728       2.0095
     729       1.9186
     730       2.0846
     731       1.9455
     732       2.0601
     733       2.0198
     734       2.0648
     735       2.0867
     736       2.0253
     737       1.9379
     738       1.9044
     739       1.9906
     740       2.0394
     741       2.1342
     742       2.1125
     743       2.1259
     744       2.0639
     745       2.0028
     746       2.0134
     747       2.0984
     748       2.0515
     749       2.1285
     750       2.1253
     751       2.0934
     752       2.1411
     753       2.1575
     754       2.0465
     755       2.0974
     756       2.1875
     757       2.1475
     758       2.0599
     759       2.2372
     760       2.1307
     761       2.1206
     762       2.0919
     763       2.1062
     764       2.0761
     765       2.1293
     766       2.0497
     767       2.1649
     768       2.1789
     769       2.0746
     770       2.0399
     771       2.0789
     772       1.9608
     773       1.9963
     774       1.8817
     775       1.8870
     776       2.0745
     777       1.9308
     778       2.0102
     779       2.1477
     780       2.1598
     781       2.1573
     782       2.0609
     783       2.2300
     784       2.0167
     785       2.1102
     786       2.2068
     787       2.1638
     788       2.1903
     789       2.1797
     790       2.2159
     791       2.2295
     792       2.3362
     793       2.3207
     794       2.2223
     795       2.1191
     796       2.1025
     797       2.1748
     798       2.1169
     799       2.2291
     800       2.3522
     801       2.2054
     802       2.1189
     803       2.1353
     804       2.3340
     805       2.3495
     806       2.3972
     807       2.3609
     808       2.4844
     809       2.4308
     810       2.2618
     811       2.2672
     812       2.0823
     813       2.1973
     814       2.1261
     815       2.2114
     816       2.1449
     817       2.0516
     818       2.0861
     819       2.1236
     820       2.1641
     821       2.1533
     822       2.1677
     823       2.2518
     824       2.1232
     825       2.3125
     826       2.2897
     827       2.3734
     828       2.2153
     829       2.3009
     830       2.1285
     831       2.2662
     832       2.3154
     833       2.3184
     834       2.3215
     835       2.3463
     836       2.2312
     837       2.2596
     838       2.1752
     839       2.2708
     840       2.1987
     841       2.0352
     842       1.9731
     843       1.9494
     844       1.9306
     845       2.0815
     846       1.9951
     847       1.9790
     848       1.8919
     849       2.0017
     850       2.2767
     851       2.2305
     852       2.3072
     853       2.2429
     854       2.3255
     855       2.2847
     856       2.2087
     857       2.0884
     858       2.1450
     859       2.0630
     860       2.1291
     861       2.1419
     862       2.1451
     863       2.2903
     864       2.2966
     865       2.2598
     866       2.4174
     867       2.1997
     868       2.1844
     869       2.3789
     870       2.4422
     871       2.2350
     872       2.2849
     873       2.2612
     874       2.3106
     875       2.4054
     876       2.3498
     877       2.3786
     878       2.2078
     879       2.2325
     880       2.3979
     881       2.2731
     882       2.3175
     883       2.4561
     884       2.3189
     885       2.2842
     886       2.3203
     887       2.2446
     888       2.3125
     889       2.3687
     890       2.2818
     891       2.3539
     892       2.4516
     893       2.4177
     894       2.5502
     895       2.5400
     896       2.5042
     897       2.6242
     898       2.4679
     899       2.4861
     900       2.4660
     901       2.4629
     902       2.4611
     903       2.4596
     904       2.4089
     905       2.5586
     906       2.4089
     907       2.3301
     908       2.3971
     909       2.3472
     910       2.3509
     911       2.5243
     912       2.6161
     913       2.4043
     914       2.4039
     915       2.6139
     916       2.5104
     917       2.4949
     918       2.4168
     919       2.3060
     920       2.3946
     921       2.4589
     922       2.3731
     923       2.2799
     924       2.2871
     925       2.4335
     926       2.3979
     927       2.3829
     928       2.3650
     929       2.4161
     930       2.3511
     931       2.4835
     932       2.3682
     933       2.2301
     934       2.3013
     935       2.2368
     936       2.3894
     937       2.3504
     938       2.3992
     939       2.3510
     940       2.4429
     941       2.4629
     942       2.3947
     943       2.3779
     944       2.4152
     945       2.3965
     946       2.5177
     947       2.5025
     948       2.3694
     949       2.4401
     950       2.4894
     951       2.4806
     952       2.4720
     953       2.4659
     954       2.3741
     955       2.3848
     956       2.4401
     957       2.3849
     958       2.3445
     959       2.4596
     960       2.3269
     961       2.3141
     962       2.3462
     963       2.3436
     964       2.2783
     965       2.3352
     966       2.3383
     967       2.3674
     968       2.3139
     969       2.3432
     970       2.2659
     971       2.4520
     972       2.2942
     973       2.3212
     974       2.2733
     975       2.3293
     976       2.2439
     977       2.3992
     978       2.2505
     979       2.3223
     980       2.4290
     981       2.3597
     982       2.1948
     983       2.3139
     984       2.2187
     985       2.4378
     986       2.4204
     987       2.4362
     988       2.3498
     989       2.3880
     990       2.3459
     991       2.2312
     992       2.2596
     993       2.3363
     994       2.2718
     995       2.3775
     996       2.3756
     997       2.3231
     998       2.3267
     999       2.4772
    1000       2.4900
    1001       2.4481
    1002       2.3867
    1003       2.4658
    1004       2.4572
    1005       2.4578
    1006       2.4751
    1007       2.5964
    1008       2.5676
    1009       2.5967
    1010       2.6270
    1011       2.5756
    1012       2.4596
    1013       2.5253
    1014       2.5990
    1015       2.6035
    1016       2.5509
    1017       2.5551
    1018       2.4520
    1019       2.4620
    1020       2.4967
    1021       2.3966
    1022       2.5443
    1023       2.4550
    1024       2.4777
    1025       2.4536
    1026       2.4453
    1027       2.5231
    1028       2.4894
    1029       2.4350
    1030       2.5622
    1031       2.5625
    1032       2.4416
    1033       2.4245
    1034       2.5061
    1035       2.3822
    1036       2.4184
    1037       2.5666
    1038       2.4268
    1039       2.5355
    1040       2.6158
    1041       2.6114
    1042       2.6209
    1043       2.3258
    1044       2.4127
    1045       2.5144
    1046       2.4964
    1047       2.5347
    1048       2.3660
    1049       2.4574
    1050       2.4678
    1051       2.4761
    1052       2.5075
    1053       2.5801
    1054       2.6899
    1055       2.6257
    1056       2.5021
    1057       2.4539
    1058       2.4895
    1059       2.4706
    1060       2.3425
    1061       2.3779
    1062       2.3460
    1063       2.3227
    1064       2.4460
    1065       2.4947
    1066       2.4286
    1067       2.3659
    1068       2.3064
    1069       2.4879
    1070       2.3799
    1071       2.3154
    1072       2.2920
    1073       2.4006
    1074       2.3990
    1075       2.3272
    1076       2.2260
    1077       2.3120
    1078       2.3107
    1079       2.2439
    1080       2.4021
    1081       2.2407
    1082       2.2350
    1083       2.4489
    1084       2.3093
    1085       2.3044
    1086       2.3302
    1087       2.1325
    1088       2.2034
    1089       2.2471
    1090       2.1768
    1091       2.2202
    1092       2.2731
    1093       2.3067
    1094       2.4554
    1095       2.4297
    1096       2.2704
    1097       2.4505
    1098       2.3984
    1099       2.3896
    1100       2.4451
    1101       2.3875
    1102       2.5870
    1103       2.5520
    1104       2.3608
    1105       2.5224
    1106       2.3520
    1107       2.4722
    1108       2.3352
    1109       2.6187
    1110       2.5338
    1111       2.5214
    1112       2.4860
    1113       2.6556
    1114       2.4130
    1115       2.4224
    1116       2.4820
    1117       2.5713
    1118       2.3981
    1119       2.5873
    1120       2.3158
    1121       2.4972
    1122       2.4491
    1123       2.4359
    1124       2.3304
    1125       2.3900
    1126       2.6081
    1127       2.5792
    1128       2.5437
    1129       2.4527
    1130       2.5624
    1131       2.6165
    1132       2.6768
    1133       2.5662
    1134       2.2956
    1135       2.4521
    1136       2.4186
    1137       2.3802
    1138       2.4693
    1139       2.5314
    1140       2.4194
    1141       2.3851
    1142       2.5191
    1143       2.4107
    1144       2.4053
    1145       2.4596
    1146       2.5620
    1147       2.4863
    1148       2.4567
    1149       2.4620
    1150       2.4555
    1151       2.3097
    1152       2.3781
    1153       2.4075
    1154       2.3942
    1155       2.4230
    1156       2.3336
    1157       2.4661
    1158       2.3763
    1159       2.3878
    1160       2.6885
    1161       2.4826
    1162       2.2948
    1163       2.4036
    1164       2.4631
    1165       2.2182
    1166       2.2432
    1167       2.4114
    1168       2.2566
    1169       2.4237
    1170       2.3446
    1171       2.3606
    1172       2.3960
    1173       2.2756
    1174       2.2234
    1175       2.4588
    1176       2.2878
    1177       2.3508
    1178       2.4108
    1179       2.3733
    1180       2.2635
    1181       2.2615
    1182       2.1489
    1183       2.2744
    1184       2.4640
    1185       2.2919
    1186       2.2304
    1187       2.3411
    1188       2.3410
    1189       2.2219
    1190       2.5171
    1191       2.4220
    1192       2.3651
    1193       2.2446
    1194       2.4220
    1195       2.6090
    1196       2.3645
    1197       2.2898
    1198       2.4951
    1199       2.5791
    1200       2.5828
    1201       2.5620
    1202       2.7279
    1203       2.5231
    1204       2.5113
    1205       2.4235
    1206       2.3124
    1207       2.5138
    1208       2.3765
    1209       2.3597
    1210       2.3235
    1211       2.4741
    1212       2.3476
    1213       2.3000
    1214       2.1771
    1215       2.3076
    1216       2.2691
    1217       2.2855
    1218       2.3338
    1219       2.3823
    1220       2.4250
    1221       2.3349
    1222       2.3706
    1223       2.2881
    1224       2.3371
    1225       2.2911
    1226       2.4012
    1227       2.2715
    1228       2.4168
    1229       2.4806
    1230       2.3799
    1231       2.5724
    1232       2.3569
    1233       2.3154
    1234       2.1986
    1235       2.3618
    1236       2.3170
    1237       2.3165
    1238       2.4694
    1239       2.3637
    1240       2.3758
    1241       2.2402
    1242       2.2247
    1243       2.2772
    1244       2.4113
    1245       2.4272
    1246       2.3431
    1247       2.6317
    1248       2.3747
    1249       2.4251
    1250       2.6844
    1251       2.4806
    1252       2.4909
    1253       2.4313
    1254       2.4573
    1255       2.6738
    1256       2.7399
    1257       2.4595
    1258       2.5051
    1259       2.4936
    1260       2.3749
    1261       2.4408
    1262       2.4497
    1263       2.5810
    1264       2.6000
    1265       2.3399
    1266       2.3926
    1267       2.4138
    1268       2.4400
    1269       2.2270
    1270       2.4425
    1271       2.3232
    1272       2.3894
    1273       2.2296
    1274       2.1582
    1275       2.2746
    1276       2.2325
    1277       2.2181
    1278       2.3305
    1279       2.2865
    1280       2.1235
    1281       2.2320
    1282       2.1474
    1283       2.1552
    1284       2.2033
    1285       2.1248
    1286       2.3154
    1287       2.2410
    1288       2.1800
    1289       2.2364
    1290       2.3771
    1291       2.3618
    1292       2.4831
    1293       2.2623
    1294       2.1921
    1295       2.1251
    1296       2.1803
    1297       2.1628
    1298       2.0700
    1299       2.0569
    1300       2.0880
    1301       2.1023
    1302       2.3098
    1303       2.2156
    1304       2.0938
    1305       2.1805
    1306       2.1980
    1307       2.2584
    1308       2.2661
    1309       2.1703
    1310       2.2214
    1311       2.1892
    1312       2.1998
    1313       2.2387
    1314       2.1123
    1315       2.1536
    1316       2.1358
    1317       2.2010
    1318       2.1624
    1319       2.2266
    1320       2.1788
    1321       2.1314
    1322       2.1927
    1323       2.4283
    1324       2.3768
    1325       2.3150
    1326       2.2078
    1327       2.3818
    1328       2.3003
    1329       2.4211
    1330       2.2815
    1331       2.3667
    1332       2.2455
    1333       2.2571
    1334       2.2741
    1335       2.3656
    1336       2.1397
    1337       2.4145
    1338       2.3487
    1339       2.3574
    1340       2.2886
    1341       2.3043
    1342       2.4688
    1343       2.2854
    1344       2.3207
    1345       2.2816
    1346       2.2156
    1347       2.3214
    1348       2.4318
    1349       2.4447
    1350       2.4742
    1351       2.5387
    1352       2.3605
    1353       2.3688
    1354       2.4100
    1355       2.2129
    1356       2.3547
    1357       2.2660
    1358       2.2008
    1359       2.1549
    1360       2.2027
    1361       2.2209
    1362       2.2427
    1363       2.0887
    1364       2.1359
    1365       2.3213
    1366       2.1684
    1367       2.1996
    1368       2.5101
    1369       2.2699
    1370       2.2917
    1371       2.3235
    1372       2.4630
    1373       2.2976
    1374       2.2288
    1375       2.1990
    1376       2.0873
    1377       2.2633
    1378       2.2380
    1379       2.1726
    1380       2.1642
    1381       2.2191
    1382       2.1859
    1383       2.2505
    1384       2.2229
    1385       2.2627
    1386       2.1741
    1387       2.1571
    1388       2.0512
    1389       2.1105
    1390       2.0761
    1391       2.1599
    1392       2.0994
    1393       2.1526
    1394       2.1351
    1395       2.1496
    1396       2.1954
    1397       2.1419
    1398       2.2611
    1399       2.2360
    1400       2.1494
    1401       2.3049
    1402       2.1316
    1403       2.1457
    1404       2.0875
    1405       2.0677
    1406       2.0907
    1407       2.1147
    1408       2.2164
    1409       2.3108
    1410       2.3001
    1411       2.2817
    1412       2.2987
    1413       2.2965
    1414       2.2938
    1415       2.2212
    1416       2.2968
    1417       2.3400
    1418       2.1577
    1419       2.1197
    1420       2.1967
    1421       2.1405
    1422       2.1622
    1423       2.2436
    1424       2.1140
    1425       2.1639
    1426       2.1423
    1427       2.0851
    1428       2.1694
    1429       2.3046
    1430       2.2682
    1431       2.2330
    1432       2.1362
    1433       2.0490
    1434       2.1297
    1435       2.1630
    1436       2.1153
    1437       2.1962
    1438       2.1545
    1439       2.1316
    1440       2.3260
    1441       2.1714
    1442       2.1987
    1443       2.2288
    1444       2.1118
    1445       2.1976
    1446       2.3187
    1447       2.3483
    1448       2.2779
    1449       2.1573
    1450       2.3301
    1451       2.3695
    1452       2.2965
    1453       2.1587
    1454       2.1981
    1455       2.2739
    1456       2.1591
    1457       2.1669
    1458       2.2524
    1459       2.2188
    1460       2.2083
    1461       2.2296
    1462       2.2125
    1463       2.1831
    1464       2.2324
    1465       2.2668
    1466       2.2785
    1467       2.1908
    1468       2.3760
    1469       2.2244
    1470       2.2093
    1471       2.2352
    1472       2.3053
    1473       2.1793
    1474       2.2114
    1475       2.3043
    1476       2.3220
    1477       2.2230
    1478       2.2544
    1479       2.1640
    1480       2.2188
    1481       2.2045
    1482       2.1869
    1483       2.4630
    1484       2.4136
    1485       2.2370
    1486       2.4955
    1487       2.4149
    1488       2.3538
    1489       2.3192
    1490       2.4026
    1491       2.2651
    1492       2.2771
    1493       2.1637
    1494       2.2678
    1495       2.2396
    1496       2.2562
    1497       2.3500
    1498       2.3025
    1499       2.2835
    1500       2.1805
    1501       2.3377
    1502       2.3164
    1503       2.3606
    1504       2.3140
    1505       2.2797
    1506       2.2826
    1507       2.3079
    1508       2.2232
    1509       2.3143
    1510       2.2958
    1511       2.3624
    1512       2.2695
    1513       2.1831
    1514       2.1513
    1515       2.2421
    1516       2.2872
    1517       2.2374
    1518       2.2458
    1519       2.2543
    1520       2.1989
    1521       2.2681
    1522       2.1009
    1523       2.3093
    1524       2.2545
    1525       2.2736
    1526       2.2073
    1527       2.1506
    1528       2.1981
    1529       2.1115
    1530       2.1977
    1531       2.2469
    1532       2.1759
    1533       2.3110
    1534       2.2163
    1535       2.3340
    1536       2.1615
    1537       2.2279
    1538       2.2861
    1539       2.3516
    1540       2.2755
    1541       2.4569
    1542       2.3709
    1543       2.2378
    1544       2.4439
    1545       2.2769
    1546       2.4589
    1547       2.4031
    1548       2.4038
    1549       2.3437
    1550       2.2581
    1551       2.3402
    1552       2.3289
    1553       2.3393
    1554       2.3142
    1555       2.2686
    1556       2.2872
    1557       2.2924
    1558       2.2958
    1559       2.2789
    1560       2.3075
    1561       2.2596
    1562       2.1666
    1563       2.1532
    1564       2.1018
    1565       2.2481
    1566       2.2948
    1567       2.2036
    1568       2.3242
    1569       2.2706
    1570       2.4283
    1571       2.3220
    1572       2.3256
    1573       2.2621
    1574       2.1637
    1575       2.3441
    1576       2.2824
    1577       2.3698
    1578       2.2715
    1579       2.3621
    1580       2.3670
    1581       2.3060
    1582       2.3253
    1583       2.3130
    1584       2.3307
    1585       2.3229
    1586       2.3690
    1587       2.3604
    1588       2.2945
    1589       2.3136
    1590       2.3393
    1591       2.2664
    1592       2.3035
    1593       2.2721
    1594       2.2604
    1595       2.3502
    1596       2.3382
    1597       2.3031
    1598       2.3703
    1599       2.2796
    1600       2.2373
    1601       2.3183
    1602       2.2351
    1603       2.1967
    1604       2.3335
    1605       2.4007
    1606       2.3496
    1607       2.3062
    1608       2.3409
    1609       2.3386
    1610       2.2712
    1611       2.4735
    1612       2.4062
    1613       2.3237
    1614       2.3752
    1615       2.3276
    1616       2.2726
    1617       2.4064
    1618       2.4375
    1619       2.4694
    1620       2.3714
    1621       2.4402
    1622       2.4262
    1623       2.3033
    1624       2.3651
    1625       2.2945
    1626       2.2417
    1627       2.2367
    1628       2.3981
    1629       2.3619
    1630       2.3706
    1631       2.3066
    1632       2.3202
    1633       2.4337
    1634       2.4299
    1635       2.5801
    1636       2.4910
    1637       2.6094
    1638       2.5609
    1639       2.5277
    1640       2.5383
    1641       2.4174
    1642       2.4319
    1643       2.5416
    1644       2.6273
    1645       2.4543
    1646       2.5240
    1647       2.5317
    1648       2.4453
    1649       2.4009
    1650       2.4887
    1651       2.4941
    1652       2.4279
    1653       2.4622
    1654       2.3559
    1655       2.3849
    1656       2.4921
    1657       2.5179
    1658       2.4764
    1659       2.6312
    1660       2.6966
    1661       2.5918
    1662       2.6260
    1663       2.6580
    1664       2.8769
    1665       2.9611
    1666       2.6538
    1667       2.7145
    1668       2.7944
    1669       2.7089
    1670       2.6700
    1671       2.6742
    1672       2.6546
    1673       2.7592
    1674       2.7822
    1675       2.7707
    1676       2.7742
    1677       2.8748
    1678       2.8572
    1679       2.7835
    1680       2.8185
    1681       2.8284
    1682       2.8006
    1683       2.7181
    1684       2.6956
    1685       2.5748
    1686       2.7647
    1687       2.7467
    1688       2.6813
    1689       2.6805
    1690       2.6985
    1691       2.5910
    1692       2.7901
    1693       2.5697
    1694       2.5424
    1695       2.5512
    1696       2.6505
    1697       2.5494
    1698       2.5321
    1699       2.7501
    1700       2.5179
    1701       2.6613
    1702       2.7200
    1703       2.7321
    1704       2.6662
    1705       2.7119
    1706       2.6931
    1707       2.6323
    1708       2.7397
    1709       2.8465
    1710       2.5445
    1711       2.5878
    1712       2.4786
    1713       2.5979
    1714       2.5950
    1715       2.6480
    1716       2.6053
    1717       2.6973
    1718       2.8904
    1719       2.8519
    1720       2.6933
    1721       2.6193
    1722       2.8836
    1723       2.7317
    1724       2.5594
    1725       2.5462
    1726       2.5367
    1727       2.6035
    1728       2.6625
    1729       2.4945
    1730       2.5233
    1731       2.4869
    1732       2.6281
    1733       2.5209
    1734       2.6860
    1735       2.4641
    1736       2.4975
    1737       2.4518
    1738       2.6649
    1739       2.5330
    1740       2.6880
    1741       2.5478
    1742       2.5087
    1743       2.4241
    1744       2.4403
    1745       2.5010
    1746       2.5452
    1747       2.5454
    1748       2.3102
    1749       2.4478
    1750       2.4866
    1751       2.4965
    1752       2.4736
    1753       2.3979
    1754       2.4374
    1755       2.6239
    1756       2.4513
    1757       2.4463
    1758       2.4612
    1759       2.4263
    1760       2.4370
    1761       2.4956
    1762       2.5312
    1763       2.4617
    1764       2.4718
    1765       2.5631
    1766       2.5616
    1767       2.5694
    1768       2.4982
    1769       2.4013
    1770       2.4438
    1771       2.5173
    1772       2.5565
    1773       2.5172
    1774       2.5083
    1775       2.4650
    1776       2.5307
    1777       2.5171
    1778       2.4304
    1779       2.6221
    1780       2.5157
    1781       2.5581
    1782       2.4501
    1783       2.4236
    1784       2.5268
    1785       2.5632
    1786       2.5165
    1787       2.5150
    1788       2.5890
    1789       2.6309
    1790       2.5188
    1791       2.5688
    1792       2.5806
    1793       2.3742
    1794       2.4486
    1795       2.4104
    1796       2.4812
    1797       2.5057
    1798       2.4715
    1799       2.4533
    1800       2.4198
    1801       2.4386
    1802       2.5149
    1803       2.5642
    1804       2.4976
    1805       2.4809
    1806       2.5151
    1807       2.4657
    1808       2.4616
    1809       2.4566
    1810       2.4367
    1811       2.5224
    1812       2.4628
    1813       2.4838
    1814       2.6003
    1815       2.4594
    1816       2.4416
    1817       2.3873
    1818       2.4811
    1819       2.4318
    1820       2.5524
    1821       2.4790
    1822       2.4081
    1823       2.3322
    1824       2.3640
    1825       2.4406
    1826       2.5429
    1827       2.3786
    1828       2.4277
    1829       2.4524
    1830       2.4747
    1831       2.4822
    1832       2.5722
    1833       2.5678
    1834       2.5533
    1835       2.5954
    1836       2.5464
    1837       2.5432
    1838       2.5882
    1839       2.4335
    1840       2.4972
    1841       2.5414
    1842       2.4047
    1843       2.4286
    1844       2.4571
    1845       2.4257
    1846       2.4517
    1847       2.4207
    1848       2.3238
    1849       2.4986
    1850       2.3873
    1851       2.2901
    1852       2.3540
    1853       2.3770
    1854       2.2590
    1855       2.4662
    1856       2.5597
    1857       2.2760
    1858       2.4418
    1859       2.4405
    1860       2.5182
    1861       2.2764
    1862       2.3419
    1863       2.4965
    1864       2.3046
    1865       2.4340
    1866       2.4425
    1867       2.5178
    1868       2.4876
    1869       2.4167
    1870       2.4710
    1871       2.2599
    1872       2.3076
    1873       2.2952
    1874       2.3036
    1875       2.1931
    1876       2.3551
    1877       2.3553
    1878       2.2437
    1879       2.2793
    1880       2.1471
    1881       2.2022
    1882       2.2577
    1883       2.2907
    1884       2.1567
    1885       2.2697
    1886       2.2733
    1887       2.3620
    1888       2.3602
    1889       2.3544
    1890       2.4397
    1891       2.3522
    1892       2.3522
    1893       2.3768
    1894       2.3244
    1895       2.3610
    1896       2.2721
    1897       2.2370
    1898       2.3720
    1899       2.3645
    1900       2.2516
    1901       2.2510
    1902       2.3182
    1903       2.1895
    1904       2.2266
    1905       2.2076
    1906       2.3739
    1907       2.2614
    1908       2.1840
    1909       2.2514
    1910       2.1052
    1911       2.1148
    1912       2.2596
    1913       2.2239
    1914       2.1463
    1915       2.2418
    1916       2.2958
    1917       2.1963
    1918       2.2067
    1919       2.1269
    1920       2.1705
    1921       2.1429
    1922       2.1885
    1923       2.0485
    1924       2.1564
    1925       2.2129
    1926       2.1332
    1927       2.1530
    1928       2.0705
    1929       2.0893
    1930       2.2220
    1931       2.1376
    1932       2.1473
    1933       2.2807
    1934       2.2261
    1935       2.1491
    1936       2.1586
    1937       2.1243
    1938       2.3213
    1939       2.2838
    1940       2.3267
    1941       2.1751
    1942       2.2074
    1943       2.0963
    1944       2.1344
    1945       2.1363
    1946       2.1715
    1947       2.1558
    1948       2.2134
    1949       2.1382
    1950       2.1768
    1951       2.1354
    1952       2.2005
    1953       2.2058
    1954       2.1759
    1955       2.1901
    1956       2.1568
    1957       2.2252
    1958       2.0992
    1959       2.1821
    1960       2.1033
    1961       2.1884
    1962       2.1383
    1963       2.1589
    1964       2.2150
    1965       2.2188
    1966       2.2248
    1967       2.2224
    1968       2.1364
    1969       2.2860
    1970       2.2661
    1971       2.2041
    1972       2.2252
    1973       2.2280
    1974       2.1797
    1975       2.1574
    1976       2.2418
    1977       2.1600
    1978       2.1380
    1979       2.1000
    1980       2.2580
    1981       2.1558
    1982       2.2125
    1983       2.3046
    1984       2.3023
    1985       2.1622
    1986       2.1967
    1987       2.1550
    1988       2.2163
    1989       2.1544
    1990       2.0624
    1991       2.2867
    1992       2.1690
    1993       2.1407
    1994       2.2276
    1995       2.2572
    1996       2.2992
    1997       2.2482
    1998       2.1616
    1999       2.1568
    2000       2.1575
    2001       2.0839
    2002       2.1345
    2003       2.1492
    2004       2.0604
    2005       2.1918
    2006       2.2869
    2007       2.2246
    2008       2.1275
    2009       2.1860
    2010       2.1755
    2011       2.1858
    2012       2.2044
    2013       2.1634
    2014       2.3186
    2015       2.2238
    2016       2.3813
    2017       2.2858
    2018       2.3117
    2019       2.2605
    2020       2.3856
    2021       2.2894
    2022       2.2614
    2023       2.2825
    2024       2.2905
    2025       2.2952
    2026       2.2896
    2027       2.3281
    2028       2.2879
    2029       2.2445
    2030       2.3357
    2031       2.3934
    2032       2.2420
    2033       2.2841
    2034       2.2173
    2035       2.2746
    2036       2.3782
    2037       2.2549
    2038       2.2840
    2039       2.3213
    2040       2.3692
    2041       2.4035
    2042       2.2765
    2043       2.2514
    2044       2.2483
    2045       2.2427
    2046       2.2659
    2047       2.3720
    2048       2.2830
    2049       2.2472
    2050       2.1862
    2051       2.2526
    2052       2.2236
    2053       2.1524
    2054       2.2639
    2055       2.1456
    2056       2.2382
    2057       2.2238
    2058       2.2664
    2059       2.1283
    2060       2.2144
    2061       2.2124
    2062       2.3829
    2063       2.3406
    2064       2.3234
    2065       2.3172
    2066       2.3943
    2067       2.0872
    2068       2.2396
    2069       2.2765
    2070       2.2971
    2071       2.2309
    2072       2.2650
    2073       2.3273
    2074       2.2969
    2075       2.3129
    2076       2.3296
    2077       2.2091
    2078       2.4098
    2079       2.2874
    2080       2.3960
    2081       2.1836
    2082       2.2040
    2083       2.3626
    2084       2.3507
    2085       2.3311
    2086       2.3219
    2087       2.3741
    2088       2.1993
    2089       2.2007
    2090       2.3550
    2091       2.1355
    2092       2.2497
    2093       2.1935
    2094       2.3300
    2095       2.3179
    2096       2.3183
    2097       2.2213
    2098       2.1842
    2099       2.2954
    2100       2.1853
    2101       2.3241
    2102       2.3052
    2103       2.3456
    2104       2.2510
    2105       2.3630
    2106       2.2846
    2107       2.2350
    2108       2.2519
    2109       2.2932
    2110       2.3718
    2111       2.3904
    2112       2.2453
    2113       2.2175
    2114       2.2299
    2115       2.1991
    2116       2.2597
    2117       2.1945
    2118       2.2377
    2119       2.3318
    2120       2.2185
    2121       2.2476
    2122       2.2249
    2123       2.2523
    2124       2.1630
    2125       2.2800
    2126       2.2543
    2127       2.2368
    2128       2.2698
    2129       2.2715
    2130       2.3284
    2131       2.2397
    2132       2.2123
    2133       2.3884
    2134       2.2312
    2135       2.2353
    2136       2.2580
    2137       2.1731
    2138       2.2715
    2139       2.3732
    2140       2.1489
    2141       2.2493
    2142       2.2695
    2143       2.3485
    2144       2.2857
    2145       2.2452
    2146       2.2928
    2147       2.3249
    2148       2.3829
    2149       2.3590
    2150       2.4733
    2151       2.3272
    2152       2.3315
    2153       2.3876
    2154       2.3328
    2155       2.1687
    2156       2.2342
    2157       2.1433
    2158       2.3074
    2159       2.2285
    2160       2.1903
    2161       2.2246
    2162       2.1897
    2163       2.1726
    2164       2.1512
    2165       2.1791
    2166       2.2754
    2167       2.3326
    2168       2.2420
    2169       2.1591
    2170       2.2624
    2171       2.1674
    2172       2.2049
    2173       2.1299
    2174       2.1785
    2175       2.1540
    2176       2.2100
    2177       2.1888
    2178       2.1977
    2179       2.1559
    2180       2.2986
    2181       2.2294
    2182       2.2505
    2183       2.2205
    2184       2.1402
    2185       2.2644
    2186       2.1560
    2187       2.1965
    2188       2.0680
    2189       2.1187
    2190       2.1115
    2191       2.1062
    2192       2.1278
    2193       2.0513
    2194       2.1936
    2195       2.1841
    2196       2.1028
    2197       2.1658
    2198       2.0959
    2199       2.1219
    2200       2.1001
    2201       2.1582
    2202       2.1905
    2203       2.1599
    2204       2.1335
    2205       2.1649
    2206       2.1011
    2207       2.0898
    2208       2.1155
    2209       2.1200
    2210       2.1744
    2211       2.2020
    2212       2.2100
    2213       2.2207
    2214       2.2478
    2215       2.2646
    2216       2.1084
    2217       2.2079
    2218       2.0952
    2219       2.2111
    2220       2.3075
    2221       2.2605
    2222       2.3851
    2223       2.2682
    2224       2.2916
    2225       2.3762
    2226       2.3190
    2227       2.4169
    2228       2.2991
    2229       2.2894
    2230       2.3795
    2231       2.4207
    2232       2.3282
    2233       2.3984
    2234       2.3327
    2235       2.2803
    2236       2.3387
    2237       2.2354
    2238       2.2040
    2239       2.3016
    2240       2.3504
    2241       2.3916
    2242       2.3407
    2243       2.2774
    2244       2.3215
    2245       2.3377
    2246       2.2500
    2247       2.2137
    2248       2.2440
    2249       2.3134
    2250       2.3082
    2251       2.2543
    2252       2.1196
    2253       2.2043
    2254       2.2806
    2255       2.3039
    2256       2.2942
    2257       2.2585
    2258       2.1618
    2259       2.1811
    2260       2.2167
    2261       2.2019
    2262       2.2406
    2263       2.3137
    2264       2.1340
    2265       2.1485
    2266       2.1699
    2267       2.1892
    2268       2.3395
    2269       2.2584
    2270       2.3005
    2271       2.2450
    2272       2.1666
    2273       2.2693
    2274       2.2804
    2275       2.2305
    2276       2.2128
    2277       2.2439
    2278       2.2714
    2279       2.1865
    2280       2.3730
    2281       2.2112
    2282       2.2677
    2283       2.3842
    2284       2.3400
    2285       2.2834
    2286       2.2955
    2287       2.2970
    2288       2.2533
    2289       2.3318
    2290       2.2830
    2291       2.2625
    2292       2.2645
    2293       2.2558
    2294       2.2447
    2295       2.1909
    2296       2.2443
    2297       2.2636
    2298       2.2482
    2299       2.3057
    2300       2.4409
    2301       2.3231
    2302       2.3273
    2303       2.4476
    2304       2.3379
    2305       2.3914
    2306       2.3653
    2307       2.4713
    2308       2.4434
    2309       2.2631
    2310       2.2599
    2311       2.3158
    2312       2.2772
    2313       2.2991
    2314       2.2629
    2315       2.3258
    2316       2.3714
    2317       2.3897
    2318       2.4242
    2319       2.4415
    2320       2.4775
    2321       2.5313
    2322       2.4880
    2323       2.4915
    2324       2.4478
    2325       2.2799
    2326       2.3108
    2327       2.2362
    2328       2.4285
    2329       2.4061
    2330       2.3185
    2331       2.2886
    2332       2.2844
    2333       2.2814
    2334       2.2631
    2335       2.2101
    2336       2.3314
    2337       2.4415
    2338       2.2388
    2339       2.2472
    2340       2.2474
    2341       2.3120
    2342       2.4339
    2343       2.2718
    2344       2.1973
    2345       2.4719
    2346       2.5075
    2347       2.5418
    2348       2.4125
    2349       2.3460
    2350       2.4953
    2351       2.4100
    2352       2.3992
    2353       2.3354
    2354       2.4500
    2355       2.3616
    2356       2.4746
    2357       2.2974
    2358       2.2577
    2359       2.4119
    2360       2.6221
    2361       2.4178
    2362       2.3841
    2363       2.4100
    2364       2.4529
    2365       2.4327
    2366       2.4722
    2367       2.4632
    2368       2.4557
    2369       2.4919
    2370       2.4504
    2371       2.4548
    2372       2.4272
    2373       2.5292
    2374       2.5715
    2375       2.6465
    2376       2.4476
    2377       2.5369
    2378       2.4447
    2379       2.4123
    2380       2.3795
    2381       2.4748
    2382       2.3806
    2383       2.4676
    2384       2.3583
    2385       2.3759
    2386       2.3373
    2387       2.5236
    2388       2.4476
    2389       2.5488
    2390       2.6055
    2391       2.3938
    2392       2.4145
    2393       2.3642
    2394       2.3337
    2395       2.3830
    2396       2.4330
    2397       2.5023
    2398       2.3562
    2399       2.4025
    2400       2.4472
    2401       2.4164
    2402       2.5444
    2403       2.5042
    2404       2.5634
    2405       2.5217
    2406       2.4356
    2407       2.5049
    2408       2.5487
    2409       2.5095
    2410       2.4683
    2411       2.3527
    2412       2.3088
    2413       2.3211
    2414       2.3647
    2415       2.3907
    2416       2.3114
    2417       2.3709
    2418       2.2403
    2419       2.2852
    2420       2.2691
    2421       2.2084
    2422       2.2575
    2423       2.2891
    2424       2.2836
    2425       2.2527
    2426       2.2675
    2427       2.2545
    2428       2.2247
    2429       2.2255
    2430       2.3521
    2431       2.2553
    2432       2.2464
    2433       2.2636
    2434       2.2903
    2435       2.4072
    2436       2.1650
    2437       2.2941
    2438       2.2880
    2439       2.3019
    2440       2.2770
    2441       2.3228
    2442       2.2750
    2443       2.3002
    2444       2.4011
    2445       2.3135
    2446       2.2888
    2447       2.2632
    2448       2.3130
    2449       2.3030
    2450       2.2206
    2451       2.4026
    2452       2.3079
    2453       2.1791
    2454       2.2747
    2455       2.2280
    2456       2.3464
    2457       2.2116
    2458       2.1690
    2459       2.2267
    2460       2.2950
    2461       2.3383
    2462       2.2034
    2463       2.2384
    2464       2.3105
    2465       2.1985
    2466       2.1184
    2467       2.1313
    2468       2.2933
    2469       2.2719
    2470       2.1807
    2471       2.1896
    2472       2.1118
    2473       2.1701
    2474       2.1657
    2475       2.1852
    2476       2.1921
    2477       2.2110
    2478       2.1748
    2479       2.1090
    2480       2.1622
    2481       2.1997
    2482       2.1251
    2483       2.1866
    2484       2.2514
    2485       2.2306
    2486       2.2340
    2487       2.2442
    2488       2.2699
    2489       2.2672
    2490       2.2769
    2491       2.2909
    2492       2.2626
    2493       2.2070
    2494       2.3534
    2495       2.3027
    2496       2.2357
    2497       2.2602
    2498       2.2987
    2499       2.2997
    2500       2.3083
    2501       2.2356
    2502       2.3021
    2503       2.4208
    2504       2.4130
    2505       2.3834
    2506       2.2939
    2507       2.3817
    2508       2.3967
    2509       2.3880
    2510       2.3219
    2511       2.3865
    2512       2.5512
    2513       2.4096
    2514       2.3266
    2515       2.4585
    2516       2.4036
    2517       2.3558
    2518       2.3849
    2519       2.4278
    2520       2.1915
    2521       2.2521
    2522       2.3002
    2523       2.3081
    2524       2.2229
    2525       2.2515
    2526       2.3508
    2527       2.3617
    2528       2.2003
    2529       2.3044
    2530       2.1801
    2531       2.2130
    2532       2.2391
    2533       2.2963
    2534       2.3386
    2535       2.2581
    2536       2.2300
    2537       2.2251
    2538       2.2944
    2539       2.2524
    2540       2.2158
    2541       2.2486
    2542       2.2338
    2543       2.1777
    2544       2.3449
    2545       2.3821
    2546       2.2660
    2547       2.2723
    2548       2.2600
    2549       2.2985
    2550       2.2792
    2551       2.2517
    2552       2.1883
    2553       2.2599
    2554       2.3695
    2555       2.2686
    2556       2.2827
    2557       2.3373
    2558       2.1760
    2559       2.2451
    2560       2.2366
    2561       2.2276
    2562       2.2086
    2563       2.2599
    2564       2.2438
    2565       2.2693
    2566       2.3349
    2567       2.2821
    2568       2.2900
    2569       2.3753
    2570       2.2719
    2571       2.1932
    2572       2.3061
    2573       2.2596
    2574       2.3404
    2575       2.2513
    2576       2.2505
    2577       2.2909
    2578       2.2538
    2579       2.2895
    2580       2.2154
    2581       2.2698
    2582       2.1780
    2583       2.2782
    2584       2.1735
    2585       2.2298
    2586       2.2481
    2587       2.1620
    2588       2.1926
    2589       2.2729
    2590       2.2103
    2591       2.3040
    2592       2.1864
    2593       2.2651
    2594       2.2227
    2595       2.1952
    2596       2.1935
    2597       2.2268
    2598       2.2313
    2599       2.2717
    2600       2.2219
    2601       2.2762
    2602       2.2529
    2603       2.2783
    2604       2.2468
    2605       2.2519
    2606       2.2625
    2607       2.1781
    2608       2.2044
    2609       2.2006
    2610       2.3048
    2611       2.3565
    2612       2.3312
    2613       2.2738
    2614       2.3788
    2615       2.4398
    2616       2.3268
    2617       2.3690
    2618       2.3431
    2619       2.2717
    2620       2.2046
    2621       2.3409
    2622       2.1856
    2623       2.2715
    2624       2.1750
    2625       2.1820
    2626       2.2415
    2627       2.2195
    2628       2.2558
    2629       2.2266
    2630       2.3277
    2631       2.3137
    2632       2.3323
    2633       2.2392
    2634       2.3039
    2635       2.3445
    2636       2.3195
    2637       2.2793
    2638       2.2517
    2639       2.2693
    2640       2.3183
    2641       2.3650
    2642       2.3168
    2643       2.3374
    2644       2.3119
    2645       2.3623
    2646       2.3302
    2647       2.2966
    2648       2.2423
    2649       2.3421
    2650       2.2662
    2651       2.2752
    2652       2.2061
    2653       2.3505
    2654       2.3291
    2655       2.2998
    2656       2.2982
    2657       2.3709
    2658       2.3924
    2659       2.3312
    2660       2.3029
    2661       2.2485
    2662       2.2439
    2663       2.2433
    2664       2.2321
    2665       2.3138
    2666       2.3323
    2667       2.3095
    2668       2.3736
    2669       2.2946
    2670       2.3305
    2671       2.3073
    2672       2.2135
    2673       2.3535
    2674       2.3512
    2675       2.3921
    2676       2.3348
    2677       2.3469
    2678       2.3031
    2679       2.3555
    2680       2.2719
    2681       2.2662
    2682       2.3984
    2683       2.2014
    2684       2.2126
    2685       2.3077
    2686       2.2044
    2687       2.2526
    2688       2.3326
    2689       2.2745
    2690       2.3016
    2691       2.3471
    2692       2.2874
    2693       2.3598
    2694       2.4525
    2695       2.4438
    2696       2.3938
    2697       2.4207
    2698       2.4720
    2699       2.3100
    2700       2.3850
    2701       2.4526
    2702       2.4111
    2703       2.3152
    2704       2.3657
    2705       2.2913
    2706       2.3224
    2707       2.4224
    2708       2.3558
    2709       2.4948
    2710       2.3796
    2711       2.3610
    2712       2.4467
    2713       2.4465
    2714       2.5411
    2715       2.4816
    2716       2.3985
    2717       2.4708
    2718       2.4248
    2719       2.3809
    2720       2.3689
    2721       2.2444
    2722       2.3433
    2723       2.3507
    2724       2.3454
    2725       2.3321
    2726       2.3498
    2727       2.4464
    2728       2.3359
    2729       2.3899
    2730       2.3820
    2731       2.3142
    2732       2.3650
    2733       2.3013
    2734       2.3738
    2735       2.3968
    2736       2.3568
    2737       2.3592
    2738       2.3364
    2739       2.3031
    2740       2.3639
    2741       2.3903
    2742       2.4413
    2743       2.3568
    2744       2.3586
    2745       2.3587
    2746       2.3599
    2747       2.2282
    2748       2.2413
    2749       2.3394
    2750       2.2898
    2751       2.2713
    2752       2.2934
    2753       2.3088
    2754       2.4132
    2755       2.3153
    2756       2.3732
    2757       2.3300
    2758       2.4055
    2759       2.3316
    2760       2.5223
    2761       2.4158
    2762       2.3056
    2763       2.3278
    2764       2.4407
    2765       2.3463
    2766       2.5010
    2767       2.3979
    2768       2.4726
    2769       2.4833
    2770       2.4312
    2771       2.4497
    2772       2.4100
    2773       2.4240
    2774       2.5093
    2775       2.3573
    2776       2.4543
    2777       2.4156
    2778       2.5040
    2779       2.3496
    2780       2.3574
    2781       2.3212
    2782       2.3444
    2783       2.4367
    2784       2.3643
    2785       2.3948
    2786       2.4685
    2787       2.3660
    2788       2.3610
    2789       2.3873
    2790       2.3408
    2791       2.3756
    2792       2.3259
    2793       2.3124
    2794       2.2838
    2795       2.3394
    2796       2.2954
    2797       2.2834
    2798       2.2314
    2799       2.2620
    2800       2.1847
    2801       2.2494
    2802       2.3486
    2803       2.3513
    2804       2.2434
    2805       2.3548
    2806       2.4233
    2807       2.4018
    2808       2.3847
    2809       2.4349
    2810       2.4751
    2811       2.4135
    2812       2.3774
    2813       2.3140
    2814       2.4209
    2815       2.2789
    2816       2.3834
    2817       2.3902
    2818       2.2350
    2819       2.2979
    2820       2.2003
    2821       2.2233
    2822       2.3904
    2823       2.2877
    2824       2.2452
    2825       2.2011
    2826       2.2359
    2827       2.3256
    2828       2.2206
    2829       2.2504
    2830       2.2272
    2831       2.2606
    2832       2.2216
    2833       2.3282
    2834       2.2752
    2835       2.2672
    2836       2.2855
    2837       2.3742
    2838       2.3333
    2839       2.3676
    2840       2.2541
    2841       2.2006
    2842       2.2632
    2843       2.2385
    2844       2.1688
    2845       2.2136
    2846       2.2657
    2847       2.2660
    2848       2.3644
    2849       2.3116
    2850       2.1944
    2851       2.2307
    2852       2.2695
    2853       2.2914
    2854       2.2782
    2855       2.3613
    2856       2.4248
    2857       2.3753
    2858       2.3418
    2859       2.2785
    2860       2.2713
    2861       2.3174
    2862       2.3780
    2863       2.2922
    2864       2.3401
    2865       2.3033
    2866       2.4867
    2867       2.3831
    2868       2.3656
    2869       2.2721
    2870       2.3549
    2871       2.3964
    2872       2.3493
    2873       2.3375
    2874       2.4220
    2875       2.3439
    2876       2.3401
    2877       2.3922
    2878       2.2495
    2879       2.3804
    2880       2.4811
    2881       2.3272
    2882       2.4015
    2883       2.2947
    2884       2.4241
    2885       2.3031
    2886       2.4295
    2887       2.4785
    2888       2.4654
    2889       2.4848
    2890       2.4600
    2891       2.4075
    2892       2.4282
    2893       2.4972
    2894       2.4464
    2895       2.4825
    2896       2.5209
    2897       2.4352
    2898       2.4577
    2899       2.4068
    2900       2.4643
    2901       2.4036
    2902       2.5722
    2903       2.4656
    2904       2.4437
    2905       2.4427
    2906       2.3751
    2907       2.4160
    2908       2.3579
    2909       2.5172
    2910       2.4611
    2911       2.4293
    2912       2.5078
    2913       2.5279
    2914       2.4577
    2915       2.3869
    2916       2.4187
    2917       2.5285
    2918       2.4903
    2919       2.4958
    2920       2.4954
    2921       2.5456
    2922       2.4833
    2923       2.5183
    2924       2.4879
    2925       2.4176
    2926       2.4676
    2927       2.4227
    2928       2.3657
    2929       2.4090
    2930       2.4860
    2931       2.5560
    2932       2.4561
    2933       2.4944
    2934       2.5300
    2935       2.4573
    2936       2.4201
    2937       2.5090
    2938       2.5571
    2939       2.5724
    2940       2.5497
    2941       2.4132
    2942       2.5370
    2943       2.5329
    2944       2.4590
    2945       2.3340
    2946       2.4764
    2947       2.4757
    2948       2.4848
    2949       2.4396
    2950       2.5339
    2951       2.4734
    2952       2.4412
    2953       2.4129
    2954       2.5134
    2955       2.4702
    2956       2.4883
    2957       2.4056
    2958       2.4552
    2959       2.4465
    2960       2.4460
    2961       2.4686
    2962       2.5180
    2963       2.5360
    2964       2.6695
    2965       2.4321
    2966       2.4248
    2967       2.3906
    2968       2.5532
    2969       2.3745
    2970       2.5794
    2971       2.5576
    2972       2.4118
    2973       2.4831
    2974       2.4476
    2975       2.3713
    2976       2.5234
    2977       2.3296
    2978       2.3569
    2979       2.4646
    2980       2.2957
    2981       2.4109
    2982       2.4010
    2983       2.3437
    2984       2.3419
    2985       2.4485
    2986       2.4467
    2987       2.4134
    2988       2.4698
    2989       2.2248
    2990       2.4050
    2991       2.3138
    2992       2.4486
    2993       2.3491
    2994       2.3312
    2995       2.2903
    2996       2.3752
    2997       2.3631
    2998       2.4199
    2999       2.3639
    3000       2.3688
    3001       2.3893
    3002       2.4230
    3003       2.3753
    3004       2.4010
    3005       2.2869
    3006       2.3834
    3007       2.3935
    3008       2.3867
    3009       2.4579
    3010       2.3669
    3011       2.3572
    3012       2.3415
    3013       2.3017
    3014       2.2858
    3015       2.2320
    3016       2.2743
    3017       2.3212
    3018       2.2370
    3019       2.1666
    3020       2.1670
    3021       2.2209
    3022       2.2733
    3023       2.1989
    3024       2.2158
    3025       2.2492
    3026       2.1593
    3027       2.3083
    3028       2.2555
    3029       2.2167
    3030       2.2118
    3031       2.2432
    3032       2.2465
    3033       2.2499
    3034       2.1831
    3035       2.2055
    3036       2.1851
    3037       2.1291
    3038       2.2338
    3039       2.1621
    3040       2.2384
    3041       2.1893
    3042       2.1258
    3043       2.2087
    3044       2.2788
    3045       2.2868
    3046       2.2905
    3047       2.2229
    3048       2.1548
    3049       2.2857
    3050       2.2661
    3051       2.2630
    3052       2.2173
    3053       2.2565
    3054       2.1437
    3055       2.2684
    3056       2.1126
    3057       2.2085
    3058       2.3389
    3059       2.2772
    3060       2.4173
    3061       2.2775
    3062       2.2801
    3063       2.2404
    3064       2.2498
    3065       2.2257
    3066       2.3897
    3067       2.2969
    3068       2.2999
    3069       2.3752
    3070       2.4536
    3071       2.4041
    3072       2.3592
    3073       2.4060
    3074       2.2537
    3075       2.4423
    3076       2.4452
    3077       2.3677
    3078       2.4094
    3079       2.3481
    3080       2.5048
    3081       2.4614
    3082       2.4648
    3083       2.5138
    3084       2.4158
    3085       2.4181
    3086       2.4752
    3087       2.3635
    3088       2.3668
    3089       2.3023
    3090       2.2767
    3091       2.2988
    3092       2.3438
    3093       2.4096
    3094       2.4061
    3095       2.3922
    3096       2.3326
    3097       2.3938
    3098       2.3678
    3099       2.3965
    3100       2.4085
    3101       2.4119
    3102       2.4655
    3103       2.3338
    3104       2.4016
    3105       2.3065
    3106       2.2772
    3107       2.3775
    3108       2.3038
    3109       2.2993
    3110       2.3661
    3111       2.4103
    3112       2.2540
    3113       2.3168
    3114       2.2761
    3115       2.4500
    3116       2.3954
    3117       2.3179
    3118       2.3307
    3119       2.3591
    3120       2.4973
    3121       2.5008
    3122       2.3952
    3123       2.3090
    3124       2.4636
    3125       2.4129
    3126       2.3298
    3127       2.3290
    3128       2.4866
    3129       2.4472
    3130       2.3879
    3131       2.2265
    3132       2.2817
    3133       2.3615
    3134       2.3666
    3135       2.2899
    3136       2.3560
    3137       2.3071
    3138       2.2716
    3139       2.3522
    3140       2.3769
    3141       2.5135
    3142       2.3319
    3143       2.4844
    3144       2.3427
    3145       2.3335
    3146       2.3420
    3147       2.3794
    3148       2.2900
    3149       2.3450
    3150       2.1693
    3151       2.3283
    3152       2.2817
    3153       2.2709
    3154       2.2932
    3155       2.3517
    3156       2.3495
    3157       2.2285
    3158       2.3004
    3159       2.3671
    3160       2.2717
    3161       2.2487
    3162       2.3068
    3163       2.3412
    3164       2.1959
    3165       2.1723
    3166       2.2651
    3167       2.3285
    3168       2.2229
    3169       2.2349
    3170       2.3133
    3171       2.1805
    3172       2.1962
    3173       2.1887
    3174       2.2246
    3175       2.2447
    3176       2.3277
    3177       2.3061
    3178       2.3924
    3179       2.2834
    3180       2.3980
    3181       2.3543
    3182       2.1770
    3183       2.3331
    3184       2.2411
    3185       2.2161
    3186       2.3363
    3187       2.2848
    3188       2.2534
    3189       2.1984
    3190       2.3894
    3191       2.3149
    3192       2.3324
    3193       2.3341
    3194       2.3966
    3195       2.3091
    3196       2.2365
    3197       2.2659
    3198       2.2808
    3199       2.2418
    3200       2.2656
    3201       2.3327
    3202       2.2315
    3203       2.2932
    3204       2.2279
    3205       2.2308
    3206       2.3016
    3207       2.3441
    3208       2.3606
    3209       2.2389
    3210       2.4126
    3211       2.2759
    3212       2.3286
    3213       2.2441
    3214       2.2178
    3215       2.3470
    3216       2.4168
    3217       2.5057
    3218       2.4539
    3219       2.3795
    3220       2.2428
    3221       2.4642
    3222       2.4273
    3223       2.2368
    3224       2.2827
    3225       2.2225
    3226       2.3035
    3227       2.1856
    3228       2.2894
    3229       2.1732
    3230       2.2545
    3231       2.2782
    3232       2.1969
    3233       2.2725
    3234       2.2092
    3235       2.3026
    3236       2.2875
    3237       2.3345
    3238       2.3035
    3239       2.3976
    3240       2.3387
    3241       2.2743
    3242       2.1636
    3243       2.2575
    3244       2.2693
    3245       2.3693
    3246       2.4511
    3247       2.2030
    3248       2.3486
    3249       2.3383
    3250       2.2034
    3251       2.2870
    3252       2.2521
    3253       2.2989
    3254       2.3220
    3255       2.3381
    3256       2.2259
    3257       2.3347
    3258       2.2665
    3259       2.3064
    3260       2.3884
    3261       2.3751
    3262       2.2846
    3263       2.3465
    3264       2.3053
    3265       2.3489
    3266       2.3428
    3267       2.3284
    3268       2.3515
    3269       2.3276
    3270       2.4005
    3271       2.2974
    3272       2.2885
    3273       2.2766
    3274       2.2312
    3275       2.3049
    3276       2.2813
    3277       2.2806
    3278       2.3053
    3279       2.2869
    3280       2.2683
    3281       2.3602
    3282       2.3550
    3283       2.3144
    3284       2.3525
    3285       2.2714
    3286       2.3432
    3287       2.3910
    3288       2.4219
    3289       2.3198
    3290       2.4069
    3291       2.3917
    3292       2.3340
    3293       2.3919
    3294       2.3464
    3295       2.3650
    3296       2.4161
    3297       2.3346
    3298       2.3647
    3299       2.4152
    3300       2.4281
    3301       2.3174
    3302       2.3956
    3303       2.4012
    3304       2.4258
    3305       2.3802
    3306       2.3595
    3307       2.3637
    3308       2.2824
    3309       2.3177
    3310       2.3676
    3311       2.3223
    3312       2.3774
    3313       2.4202
    3314       2.4071
    3315       2.2928
    3316       2.3246
    3317       2.3647
    3318       2.2877
    3319       2.2904
    3320       2.4186
    3321       2.2458
    3322       2.2895
    3323       2.3886
    3324       2.3581
    3325       2.4554
    3326       2.3498
    3327       2.4610
    3328       2.3435
    3329       2.4260
    3330       2.3737
    3331       2.4246
    3332       2.2578
    3333       2.4093
    3334       2.2975
    3335       2.1699
    3336       2.2920
    3337       2.4226
    3338       2.2902
    3339       2.2514
    3340       2.3091
    3341       2.3744
    3342       2.3534
    3343       2.3078
    3344       2.2950
    3345       2.3082
    3346       2.2492
    3347       2.3397
    3348       2.2681
    3349       2.4642
    3350       2.3108
    3351       2.1545
    3352       2.3121
    3353       2.2863
    3354       2.1979
    3355       2.2664
    3356       2.2461
    3357       2.3023
    3358       2.3231
    3359       2.2733
    3360       2.3418
    3361       2.3543
    3362       2.3831
    3363       2.3019
    3364       2.3492
    3365       2.2851
    3366       2.3654
    3367       2.2253
    3368       2.2533
    3369       2.3609
    3370       2.3062
    3371       2.3085
    3372       2.2519
    3373       2.2553
    3374       2.1774
    3375       2.2542
    3376       2.4327
    3377       2.3359
    3378       2.2712
    3379       2.2036
    3380       2.2490
    3381       2.2727
    3382       2.3855
    3383       2.2605
    3384       2.3102
    3385       2.2862
    3386       2.3154
    3387       2.2465
    3388       2.2919
    3389       2.3775
    3390       2.3477
    3391       2.2855
    3392       2.2956
    3393       2.2520
    3394       2.1941
    3395       2.2602
    3396       2.2944
    3397       2.2156
    3398       2.2556
    3399       2.2045
    3400       2.1793
    3401       2.2735
    3402       2.3152
    3403       2.1866
    3404       2.2647
    3405       2.2337
    3406       2.2907
    3407       2.1582
    3408       2.1523
    3409       2.2241
    3410       2.1408
    3411       2.1749
    3412       2.1614
    3413       2.2256
    3414       2.3565
    3415       2.2657
    3416       2.1887
    3417       2.2606
    3418       2.2403
    3419       2.3605
    3420       2.3315
    3421       2.3280
    3422       2.3550
    3423       2.3471
    3424       2.3077
    3425       2.2299
    3426       2.5022
    3427       2.3535
    3428       2.3129
    3429       2.2624
    3430       2.2133
    3431       2.2298
    3432       2.1563
    3433       2.2213
    3434       2.2569
    3435       2.2191
    3436       2.2452
    3437       2.2712
    3438       2.2856
    3439       2.2030
    3440       2.4387
    3441       2.2936
    3442       2.2584
    3443       2.2694
    3444       2.3096
    3445       2.3187
    3446       2.3526
    3447       2.2456
    3448       2.2378
    3449       2.3096
    3450       2.2489
    3451       2.2665
    3452       2.2732
    3453       2.2428
    3454       2.2335
    3455       2.3568
    3456       2.3123
    3457       2.2771
    3458       2.2911
    3459       2.2765
    3460       2.3141
    3461       2.2179
    3462       2.2609
    3463       2.2488
    3464       2.2866
    3465       2.3316
    3466       2.3017
    3467       2.3677
    3468       2.2826
    3469       2.2414
    3470       2.3259
    3471       2.3096
    3472       2.3096
    3473       2.4292
    3474       2.2820
    3475       2.2721
    3476       2.2884
    3477       2.2257
    3478       2.2541
    3479       2.2459
    3480       2.2223
    3481       2.3038
    3482       2.2943
    3483       2.3708
    3484       2.4241
    3485       2.3182
    3486       2.2471
    3487       2.2498
    3488       2.2207
    3489       2.2097
    3490       2.2518
    3491       2.2024
    3492       2.1951
    3493       2.2036
    3494       2.2543
    3495       2.2305
    3496       2.2158
    3497       2.2083
    3498       2.2507
    3499       2.1952
    3500       2.2478
    3501       2.3363
    3502       2.2628
    3503       2.2666
    3504       2.1831
    3505       2.2049
    3506       2.1830
    3507       2.2242
    3508       2.1850
    3509       2.1209
    3510       2.2105
    3511       2.1175
    3512       2.2289
    3513       2.1759
    3514       2.4104
    3515       2.3527
    3516       2.2553
    3517       2.2840
    3518       2.2531
    3519       2.3634
    3520       2.2501
    3521       2.2801
    3522       2.2733
    3523       2.2285
    3524       2.2130
    3525       2.3002
    3526       2.2390
    3527       2.2456
    3528       2.3336
    3529       2.3098
    3530       2.3854
    3531       2.3417
    3532       2.4026
    3533       2.3111
    3534       2.3156
    3535       2.4043
    3536       2.2842
    3537       2.2630
    3538       2.3133
    3539       2.2751
    3540       2.2906
    3541       2.2873
    3542       2.2912
    3543       2.2586
    3544       2.3185
    3545       2.2534
    3546       2.3447
    3547       2.3442
    3548       2.3658
    3549       2.4110
    3550       2.3479
    3551       2.3202
    3552       2.3022
    3553       2.2377
    3554       2.3824
    3555       2.3545
    3556       2.3615
    3557       2.1701
    3558       2.2378
    3559       2.3210
    3560       2.2406
    3561       2.3178
    3562       2.2435
    3563       2.2707
    3564       2.2369
    3565       2.2531
    3566       2.2446
    3567       2.2761
    3568       2.2486
    3569       2.2568
    3570       2.3017
    3571       2.5125
    3572       2.3722
    3573       2.1879
    3574       2.3400
    3575       2.2388
    3576       2.2862
    3577       2.2006
    3578       2.3267
    3579       2.1512
    3580       2.3003
    3581       2.2432
    3582       2.1551
    3583       2.2948
    3584       2.2799
    3585       2.3163
    3586       2.2109
    3587       2.1757
    3588       2.2476
    3589       2.1802
    3590       2.1449
    3591       2.1713
    3592       2.1805
    3593       2.1477
    3594       2.3542
    3595       2.2331
    3596       2.2061
    3597       2.1828
    3598       2.2531
    3599       2.1443
    3600       2.1850
    3601       2.3411
    3602       2.1898
    3603       2.4136
    3604       2.2808
    3605       2.2264
    3606       2.1726
    3607       2.1326
    3608       2.2306
    3609       2.2280
    3610       2.2120
    3611       2.1921
    3612       2.3066
    3613       2.1315
    3614       2.2127
    3615       2.3651
    3616       2.1433
    3617       2.1109
    3618       2.1905
    3619       2.1329
    3620       2.1561
    3621       2.0666
    3622       2.1922
    3623       2.1192
    3624       2.2262
    3625       2.1807
    3626       2.0796
    3627       2.0950
    3628       2.1596
    3629       2.2130
    3630       2.1948
    3631       2.2296
    3632       2.3336
    3633       2.1979
    3634       2.1453
    3635       2.2350
    3636       2.2324
    3637       2.2817
    3638       2.2027
    3639       2.2467
    3640       2.1244
    3641       2.2574
    3642       2.1925
    3643       2.2348
    3644       2.2059
    3645       2.1761
    3646       2.1272
    3647       2.0857
    3648       2.0608
    3649       2.1336
    3650       2.1079
    3651       2.2146
    3652       2.3195
    3653       2.2873
    3654       2.2001
    3655       2.2111
    3656       2.3141
    3657       2.1949
    3658       2.2145
    3659       2.1680
    3660       2.1874
    3661       2.1487
    3662       2.0784
    3663       2.1177
    3664       2.2552
    3665       2.2384
    3666       2.1423
    3667       2.1566
    3668       2.1847
    3669       2.1911
    3670       2.2574
    3671       2.2856
    3672       2.2578
    3673       2.5322
    3674       2.3950
    3675       2.3008
    3676       2.2855
    3677       2.3337
    3678       2.3798
    3679       2.2676
    3680       2.1115
    3681       2.2232
    3682       2.1281
    3683       2.1469
    3684       2.1707
    3685       2.2039
    3686       2.1938
    3687       2.2311
    3688       2.1746
    3689       2.1858
    3690       2.1079
    3691       2.1493
    3692       2.1528
    3693       2.0879
    3694       2.0453
    3695       2.1511
    3696       2.1808
    3697       2.1353
    3698       2.0653
    3699       2.0428
    3700       2.0139
    3701       2.0674
    3702       2.1039
    3703       2.0268
    3704       2.1159
    3705       2.0978
    3706       2.1080
    3707       2.0511
    3708       2.0241
    3709       2.1797
    3710       2.1089
    3711       2.0173
    3712       2.1932
    3713       2.0395
    3714       2.1820
    3715       2.1433
    3716       2.0658
    3717       2.1218
    3718       2.1039
    3719       2.2074
    3720       2.1364
    3721       2.1633
    3722       2.1305
    3723       2.1635
    3724       2.1199
    3725       2.0864
    3726       2.2456
    3727       2.2185
    3728       2.1352
    3729       2.1325
    3730       2.1278
    3731       2.1231
    3732       2.1503
    3733       2.1056
    3734       2.2227
    3735       2.1235
    3736       2.2697
    3737       2.1096
    3738       2.0564
    3739       2.1200
    3740       2.0131
    3741       2.2092
    3742       2.1684
    3743       2.2644
    3744       2.2326
    3745       2.0085
    3746       2.1966
    3747       2.1061
    3748       2.0876
    3749       2.0354
    3750       1.9744
    3751       2.0141
    3752       2.1084
    3753       2.1002
    3754       2.0524
    3755       1.9351
    3756       2.0137
    3757       2.0481
    3758       2.0730
    3759       2.0773
    3760       2.1405
    3761       2.0361
    3762       2.0705
    3763       2.1153
    3764       2.0671
    3765       2.1460
    3766       2.0708
    3767       2.1395
    3768       2.1104
    3769       2.1311
    3770       2.0466
    3771       2.1679
    3772       2.1741
    3773       2.2209
    3774       2.1239
    3775       2.1718
    3776       2.1430
    3777       2.1500
    3778       2.1183
    3779       2.0432
    3780       2.1409
    3781       2.1013
    3782       2.1636
    3783       2.1484
    3784       2.0963
    3785       2.1229
    3786       2.1512
    3787       2.1716
    3788       2.1707
    3789       2.1026
    3790       2.0501
    3791       2.2023
    3792       2.0763
    3793       2.0746
    3794       2.1309
    3795       2.2015
    3796       2.2196
    3797       2.2259
    3798       2.2754
    3799       2.1728
    3800       2.1358
    3801       2.0336
    3802       2.1886
    3803       2.1531
    3804       2.2662
    3805       2.1377
    3806       2.2374
    3807       2.1774
    3808       2.0890
    3809       2.1010
    3810       2.0560
    3811       2.1512
    3812       2.0321
    3813       2.1139
    3814       2.1403
    3815       2.1710
    3816       2.0751
    3817       2.0325
    3818       2.0971
    3819       2.0917
    3820       2.1026
    3821       2.1401
    3822       2.2695
    3823       2.3834
    3824       2.0249
    3825       2.2208
    3826       2.2097
    3827       2.1389
    3828       2.0466
    3829       2.1567
    3830       2.1270
    3831       2.1059
    3832       2.2363
    3833       2.1906
    3834       2.1390
    3835       2.1085
    3836       2.1866
    3837       2.1943
    3838       2.1383
    3839       2.1568
    3840       2.3435
    3841       2.2019
    3842       2.2162
    3843       2.2490
    3844       2.1421
    3845       2.1903
    3846       2.1597
    3847       2.1850
    3848       2.1832
    3849       2.1222
    3850       2.1294
    3851       2.2369
    3852       2.1591
    3853       2.1174
    3854       2.1805
    3855       2.1133
    3856       2.2097
    3857       2.0913
    3858       2.2221
    3859       2.1668
    3860       2.0625
    3861       2.1125
    3862       2.2141
    3863       2.2259
    3864       2.1308
    3865       2.3255
    3866       2.1956
    3867       2.1308
    3868       2.0545
    3869       2.1304
    3870       2.1752
    3871       2.0957
    3872       2.1082
    3873       2.1382
    3874       2.1452
    3875       2.0663
    3876       2.0485
    3877       2.1110
    3878       2.1006
    3879       2.0386
    3880       2.0946
    3881       2.0812
    3882       2.1162
    3883       2.0693
    3884       2.1750
    3885       2.0466
    3886       1.9962
    3887       2.0867
    3888       2.1259
    3889       2.0721
    3890       2.1167
    3891       2.1276
    3892       2.0008
    3893       2.1414
    3894       2.1185
    3895       2.2451
    3896       2.2052
    3897       2.1881
    3898       2.1564
    3899       2.2348
    3900       2.1582
    3901       2.1226
    3902       2.1131
    3903       2.1424
    3904       2.1364
    3905       2.2230
    3906       2.1768
    3907       2.1042
    3908       2.1821
    3909       2.1602
    3910       2.1617
    3911       2.1761
    3912       2.3044
    3913       2.1369
    3914       2.2062
    3915       2.1042
    3916       1.9796
    3917       1.9946
    3918       1.9793
    3919       1.9519
    3920       1.9886
    3921       1.9847
    3922       2.0177
    3923       2.0100
    3924       2.0670
    3925       2.0422
    3926       2.0659
    3927       1.9916
    3928       2.1833
    3929       2.0736
    3930       2.1774
    3931       2.0570
    3932       2.1323
    3933       2.0924
    3934       1.9904
    3935       2.1490
    3936       2.0122
    3937       2.0368
    3938       2.0564
    3939       1.9911
    3940       2.0389
    3941       1.9664
    3942       2.0180
    3943       1.9794
    3944       2.0990
    3945       2.0426
    3946       1.9993
    3947       2.0408
    3948       2.0768
    3949       2.0955
    3950       2.0850
    3951       2.1006
    3952       2.1048
    3953       2.1603
    3954       2.1458
    3955       2.0814
    3956       2.1294
    3957       2.2761
    3958       2.1410
    3959       2.1056
    3960       2.2084
    3961       2.2001
    3962       2.1913
    3963       2.1649
    3964       2.1711
    3965       2.2486
    3966       2.1933
    3967       2.1616
    3968       2.2277
    3969       2.3492
    3970       2.2062
    3971       2.4341
    3972       2.3183
    3973       2.2865
    3974       2.1496
    3975       2.2449
    3976       2.1391
    3977       2.1912
    3978       2.3070
    3979       2.1932
    3980       2.2505
    3981       2.2633
    3982       2.2656
    3983       2.1861
    3984       2.1774
    3985       2.2748
    3986       2.2170
    3987       2.1922
    3988       2.2202
    3989       2.2206
    3990       2.1526
    3991       2.2138
    3992       2.1574
    3993       2.1519
    3994       2.2047
    3995       2.0309
    3996       2.1337
    3997       2.0414
    3998       2.1774
    3999       2.1383
    4000       2.1488
