#Res        AtomicFlx
   1.000       3.0064
   2.000       1.9307
   3.000       1.3463
   4.000       1.6262
   5.000       1.7707
   6.000       1.3688
   7.000       1.3659
   8.000       1.3294
   9.000       1.4859
  10.000       1.3935
  11.000       1.2852
  12.000       1.5181
  13.000       1.3723
  14.000       1.0115
  15.000       1.7808
  16.000       1.1631
  17.000       0.8864
  18.000       1.0378
  19.000       0.9472
  20.000       1.2783
  21.000       1.2740
  22.000       0.9871
  23.000       0.8972
  24.000       1.1488
  25.000       1.0639
  26.000       0.8355
  27.000       1.1016
  28.000       1.3658
  29.000       1.6464
  30.000       1.6282
  31.000       1.5728
  32.000       1.4952
  33.000       1.3106
  34.000       1.1004
  35.000       1.2741
  36.000       1.4504
  37.000       1.2097
  38.000       1.1245
  39.000       1.5854
  40.000       1.8186
  41.000       1.7564
  42.000       1.3417
  43.000       1.3127
  44.000       1.2189
  45.000       1.1224
  46.000       0.9537
  47.000       1.1799
  48.000       1.1634
  49.000       0.9101
  50.000       0.7770
  51.000       0.7109
  52.000       0.6498
  53.000       0.5968
  54.000       0.6014
  55.000       1.3275
  56.000       0.7377
  57.000       0.6566
  58.000       0.6795
  59.000       0.6760
  60.000       0.7605
  61.000       0.7088
  62.000       0.6691
  63.000       0.7781
  64.000       0.7997
  65.000       0.7577
  66.000       0.8492
  67.000       1.0444
  68.000       1.0435
  69.000       1.1251
  70.000       0.8751
  71.000       0.9751
  72.000       0.8536
  73.000       0.7120
  74.000       0.7127
  75.000       0.7281
  76.000       0.6974
  77.000       0.6713
  78.000       0.7873
  79.000       0.7310
  80.000       0.7752
  81.000       0.7236
  82.000       0.7407
  83.000       0.7944
  84.000       0.7614
  85.000       0.7193
  86.000       0.8027
  87.000       0.8778
  88.000       0.7760
  89.000       0.7710
  90.000       0.9195
  91.000       0.9558
  92.000       0.8856
  93.000       0.9849
  94.000       0.8730
  95.000       0.9282
  96.000       1.0169
  97.000       0.8982
  98.000       0.7807
  99.000       0.8518
 100.000       0.8151
 101.000       0.8707
 102.000       0.9482
 103.000       0.9687
 104.000       0.9514
 105.000       0.9331
 106.000       1.1119
 107.000       1.2219
 108.000       1.1556
 109.000       1.1412
 110.000       1.1385
 111.000       1.3817
 112.000       1.1709
 113.000       1.1738
 114.000       0.9159
 115.000       0.7820
 116.000       0.7863
 117.000       0.6868
 118.000       0.6235
 119.000       0.6159
 120.000       0.6902
 121.000       0.7625
 122.000       0.7759
 123.000       0.7837
 124.000       0.8675
 125.000       0.9779
 126.000       1.2958
 127.000       1.3504
 128.000       1.2479
 129.000       1.0838
 130.000       1.3404
 131.000       2.0714
 132.000       1.0991
 133.000       1.1518
 134.000       1.1909
 135.000       0.8925
 136.000       0.7806
 137.000       0.8905
 138.000       0.9089
 139.000       0.7637
 140.000       0.7898
 141.000       0.9332
 142.000       0.9217
 143.000       0.8162
 144.000       0.8000
 145.000       0.9452
 146.000       1.2198
 147.000       1.3058
 148.000       0.9385
 149.000       0.8711
 150.000       0.7579
 151.000       0.6918
 152.000       0.6711
 153.000       0.7542
 154.000       0.7411
 155.000       0.7085
 156.000       0.7305
 157.000       0.6824
 158.000       0.7277
 159.000       0.7386
 160.000       0.8174
 161.000       0.8990
 162.000       0.9471
 163.000       0.9391
 164.000       0.8881
 165.000       0.9417
 166.000       1.0474
 167.000       0.9425
 168.000       0.8126
 169.000       0.9277
 170.000       1.0223
 171.000       0.9505
 172.000       0.7780
 173.000       0.9264
 174.000       1.2305
 175.000       0.9362
 176.000       1.2445
 177.000       1.6002
 178.000       1.0501
 179.000       1.1317
 180.000       1.1197
 181.000       0.9172
 182.000       0.9009
 183.000       0.8767
 184.000       0.9028
 185.000       1.0143
 186.000       0.9152
 187.000       0.8460
 188.000       0.7516
 189.000       0.7295
 190.000       0.8054
 191.000       0.7007
 192.000       0.6771
 193.000       0.7868
 194.000       0.7842
 195.000       0.7357
 196.000       0.8982
 197.000       1.1517
 198.000       1.0773
 199.000       1.1281
 200.000       1.3257
 201.000       1.2476
 202.000       1.3148
 203.000       1.2090
 204.000       1.0644
 205.000       1.1121
 206.000       1.0265
 207.000       1.0775
 208.000       0.9401
 209.000       0.8903
 210.000       0.8426
 211.000       0.7947
 212.000       0.8355
 213.000       0.8386
 214.000       0.8305
 215.000       0.8028
 216.000       0.7411
 217.000       0.8578
 218.000       0.9746
 219.000       0.8995
 220.000       1.0016
 221.000       1.3634
 222.000       1.5509
 223.000       1.2228
 224.000       1.0922
 225.000       0.9030
 226.000       0.8707
 227.000       0.8746
 228.000       0.9049
 229.000       0.9799
 230.000       0.9636
 231.000       1.0322
 232.000       1.0225
 233.000       1.1812
 234.000       1.1330
 235.000       1.2587
 236.000       1.3451
 237.000       1.2795
 238.000       1.2255
 239.000       1.1076
 240.000       1.0548
 241.000       1.2090
 242.000       0.8643
 243.000       0.6964
 244.000       0.6993
 245.000       0.6684
 246.000       0.7036
 247.000       0.7384
 248.000       0.7448
 249.000       0.7292
 250.000       0.7679
 251.000       0.8417
 252.000       1.0304
 253.000       1.1466
 254.000       1.1932
 255.000       1.5336
 256.000       1.5160
 257.000       1.3569
 258.000       0.9643
 259.000       0.9867
 260.000       0.8880
 261.000       0.8376
 262.000       0.8525
 263.000       0.9371
 264.000       1.1548
 265.000       1.3430
 266.000       1.2531
 267.000       1.3606
 268.000       1.2822
 269.000       1.1847
 270.000       1.1495
 271.000       0.8536
 272.000       0.8355
 273.000       0.7839
 274.000       0.7021
 275.000       0.6848
 276.000       0.6624
 277.000       0.7168
 278.000       0.8619
 279.000       1.1091
 280.000       1.2086
 281.000       1.1152
 282.000       1.1869
 283.000       1.1672
 284.000       1.1727
 285.000       1.3291
 286.000       1.3179
 287.000       1.3889
 288.000       1.2705
 289.000       1.2031
 290.000       1.0208
 291.000       1.0210
 292.000       0.9425
 293.000       0.8769
 294.000       0.7835
 295.000       0.8545
 296.000       0.8504
 297.000       1.0319
 298.000       1.2614
 299.000       1.2891
 300.000       1.8734
 301.000       1.9172
 302.000       1.7249
 303.000       2.2152
 304.000       1.7913
 305.000       1.2218
 306.000       1.0082
 307.000       0.9392
 308.000       0.8471
 309.000       0.7914
 310.000       0.7849
 311.000       0.8642
 312.000       0.9321
 313.000       1.1562
 314.000       1.3103
 315.000       1.6908
 316.000       2.3575
 317.000       2.9288
 318.000       2.6247
 319.000       2.2823
 320.000       1.9223
 321.000       1.7514
 322.000       1.2719
 323.000       1.1593
 324.000       0.9780
 325.000       0.8684
 326.000       0.8283
 327.000       0.6935
 328.000       0.8366
 329.000       0.8817
 330.000       1.3095
 332.000       2.6412
 333.000       1.8715
 334.000       1.4537
 335.000       1.3620
 336.000       1.3851
 337.000       1.0347
 338.000       0.9854
 339.000       0.9890
 340.000       1.1976
 341.000       1.0905
 342.000       1.0096
 343.000       1.0866
 344.000       1.2596
 345.000       1.0669
 346.000       1.1170
 347.000       1.1283
 348.000       1.1388
 349.000       0.8994
 350.000       0.8732
 351.000       1.0091
 352.000       0.9791
 353.000       0.8015
 354.000       0.7481
 355.000       0.9810
 356.000       0.9521
 357.000       0.8160
 358.000       1.1226
 359.000       1.1690
 360.000       1.3447
 361.000       1.5322
 362.000       1.3026
 363.000       1.1327
 364.000       1.1470
 365.000       0.9733
 366.000       1.2222
 367.000       1.3953
 368.000       1.0692
 369.000       1.0668
 370.000       0.9331
 371.000       1.0768
 372.000       1.1414
 373.000       1.0044
 374.000       0.9709
 375.000       1.0647
 376.000       0.9068
 377.000       0.7937
 378.000       0.9196
 379.000       0.8884
 380.000       0.7911
 381.000       0.7252
 382.000       0.6384
 383.000       0.6275
 384.000       0.6400
 385.000       0.7003
 386.000       0.6927
 387.000       0.6306
 388.000       0.6615
 389.000       0.6581
 390.000       0.6970
 391.000       0.7018
 392.000       0.6680
 393.000       0.6609
 394.000       0.6794
 395.000       0.6720
 396.000       0.6683
 397.000       0.7465
 398.000       0.8436
 399.000       0.8291
 400.000       0.9397
 401.000       0.7615
 402.000       0.8679
 403.000       0.7696
 404.000       0.6658
 405.000       0.6719
 406.000       0.6796
 407.000       0.6745
 408.000       0.6696
 409.000       0.8440
 410.000       0.8793
 411.000       0.9244
 412.000       0.8226
 413.000       0.8124
 414.000       0.8198
 415.000       0.7941
 416.000       0.7316
 417.000       0.7699
 418.000       0.8133
 419.000       0.7649
 420.000       0.7227
 421.000       0.8378
 422.000       0.8974
 423.000       0.8414
 424.000       0.9094
 425.000       0.7952
 426.000       0.8566
 427.000       0.9447
 428.000       0.8111
 429.000       0.7111
 430.000       0.8088
 431.000       0.8262
 432.000       0.8881
 433.000       0.9083
 434.000       0.9470
 435.000       0.9218
 436.000       0.8633
 437.000       1.0452
 438.000       1.1268
 439.000       1.0870
 440.000       1.1153
 441.000       1.1444
 442.000       1.3869
 443.000       1.1923
 444.000       1.2196
 445.000       0.9256
 446.000       0.7609
 447.000       0.7300
 448.000       0.6427
 449.000       0.6072
 450.000       0.5938
 451.000       0.6244
 452.000       0.5937
 453.000       0.6459
 454.000       0.6978
 455.000       0.9139
 456.000       0.8045
 457.000       0.7520
 458.000       0.6722
 459.000       0.7793
 460.000       0.8938
 461.000       1.2263
 462.000       1.5321
 463.000       0.8599
 464.000       0.8154
 465.000       0.9562
 466.000       0.9109
 467.000       0.7965
 468.000       0.8554
 469.000       0.9299
 470.000       0.8479
 471.000       0.8179
 472.000       0.9512
 473.000       0.9521
 474.000       0.8919
 475.000       0.8026
 476.000       0.9203
 477.000       1.1404
 478.000       1.2035
 479.000       0.8413
 480.000       0.7327
 481.000       0.6430
 482.000       0.6086
 483.000       0.6109
 484.000       0.6369
 485.000       0.6023
 486.000       0.6057
 487.000       0.6057
 488.000       0.5862
 489.000       0.5823
 490.000       0.6191
 491.000       0.6686
 492.000       0.7458
 493.000       0.8090
 494.000       0.8075
 495.000       0.7860
 496.000       0.8480
 497.000       1.0157
 498.000       0.9198
 499.000       0.8197
 500.000       0.8815
 501.000       0.9157
 502.000       0.8640
 503.000       0.8169
 504.000       0.8380
 505.000       0.8388
 506.000       0.8196
 507.000       0.9007
 508.000       0.8813
 509.000       0.8336
 510.000       0.9317
 511.000       0.9720
 512.000       0.8160
 513.000       0.8697
 514.000       0.8857
 515.000       1.0520
 516.000       1.2118
 517.000       0.9832
 518.000       0.9400
 519.000       0.9867
 520.000       0.8535
 521.000       0.7832
 522.000       0.7331
 523.000       0.7444
 524.000       0.8901
 525.000       0.6964
 526.000       0.7068
 527.000       0.7348
 528.000       0.8791
 529.000       0.9626
 530.000       0.9218
 531.000       1.0167
 532.000       0.9965
 533.000       1.0964
 534.000       1.0020
 535.000       0.8575
 536.000       0.8622
 537.000       0.8439
 538.000       0.8585
 539.000       0.7641
 540.000       0.7416
 541.000       0.7152
 542.000       0.7382
 543.000       0.7923
 544.000       0.7507
 545.000       0.7928
 546.000       0.7513
 547.000       0.7384
 548.000       0.8754
 549.000       1.0173
 550.000       0.9562
 551.000       1.0267
 552.000       1.3201
 553.000       1.6006
 554.000       1.3903
 555.000       1.2120
 556.000       1.1214
 557.000       1.0138
 558.000       0.9171
 559.000       0.8901
 560.000       0.9317
 561.000       0.8877
 562.000       0.9298
 563.000       0.8875
 564.000       0.9912
 565.000       0.9927
 566.000       1.0945
 567.000       1.1511
 568.000       1.1578
 569.000       1.1436
 570.000       1.0584
 571.000       0.9433
 572.000       0.7622
 573.000       0.6607
 574.000       0.6156
 575.000       0.6058
 576.000       0.5903
 577.000       0.5864
 578.000       0.5467
 579.000       0.5691
 580.000       0.5778
 581.000       0.6539
 582.000       0.7628
 583.000       0.9228
 584.000       1.1807
 585.000       1.6485
 586.000       2.3579
 587.000       2.5443
 588.000       1.9485
 589.000       1.5456
 590.000       0.8197
 591.000       0.7297
 592.000       0.6785
 593.000       0.6385
 594.000       0.7232
 595.000       0.9132
 596.000       1.2593
 597.000       1.0641
 598.000       1.2318
 599.000       1.2566
 600.000       0.9953
 601.000       0.8953
 602.000       0.8085
 603.000       0.7043
 604.000       0.6515
 605.000       0.6216
 606.000       0.6073
 607.000       0.6034
 608.000       0.6575
 609.000       0.8064
 610.000       1.1673
 611.000       1.3046
 612.000       1.1967
 613.000       1.1691
 614.000       1.1326
 615.000       1.1375
 616.000       1.2810
 617.000       1.2608
 618.000       1.3924
 619.000       1.3732
 620.000       1.1384
 621.000       1.0650
 622.000       0.9864
 623.000       0.9458
 624.000       0.8943
 625.000       0.7918
 626.000       0.9087
 627.000       0.8258
 628.000       0.9005
 629.000       0.9664
 630.000       1.0031
 631.000       1.2493
 632.000       1.3869
 633.000       1.2092
 634.000       1.1644
 635.000       1.2058
 636.000       0.9592
 637.000       0.8435
 638.000       0.8559
 639.000       0.8290
 640.000       0.8878
 641.000       0.8286
 642.000       0.9706
 643.000       1.0167
 644.000       1.3452
 645.000       1.9326
 646.000       4.0322
 647.000       5.4052
 648.000       6.9664
 649.000       6.4016
 650.000       4.1860
 651.000       3.9786
 652.000       3.0019
 653.000       2.1542
 654.000       1.4116
 655.000       1.2559
 656.000       1.0640
 657.000       0.8717
 658.000       0.7722
 659.000       0.8905
 660.000       1.0521
 661.000       1.2828
