#Res        AtomicFlx
   1.000       2.1281
   2.000       1.3282
   3.000       1.2624
   4.000       1.5651
   5.000       1.4035
   6.000       1.1347
   7.000       1.0267
   8.000       1.1008
   9.000       0.9887
  10.000       1.0003
  11.000       1.1046
  12.000       1.6729
  13.000       1.7434
  14.000       1.5573
  15.000       1.6366
  16.000       1.4678
  17.000       1.7361
  18.000       1.4632
  19.000       1.4776
  20.000       1.6320
  21.000       1.8100
  22.000       2.1829
  23.000       1.8397
  24.000       1.4399
  25.000       1.8148
  26.000       2.0308
  27.000       1.7942
  28.000       1.3527
  29.000       1.2402
  30.000       1.1536
  31.000       1.1882
  32.000       1.1556
  33.000       1.0138
  34.000       1.1832
  35.000       1.2229
  36.000       1.0559
  37.000       1.0486
  38.000       1.2262
  39.000       1.2142
  40.000       1.7797
  41.000       2.1109
  42.000       1.5032
  43.000       1.1405
  44.000       1.1513
  45.000       1.1555
  46.000       0.8959
  47.000       1.0559
  48.000       1.0251
  49.000       0.8532
  50.000       0.7367
  51.000       0.6180
  52.000       0.6112
  53.000       0.6835
  54.000       0.8496
  55.000       1.1164
  56.000       1.0233
  57.000       1.3119
  58.000       1.3423
  59.000       1.1061
  60.000       1.0674
  61.000       0.9700
  62.000       0.8217
  63.000       0.9582
  64.000       0.9300
  65.000       0.8199
  66.000       0.9534
  67.000       1.1182
  68.000       1.0473
  69.000       1.1552
  70.000       0.8771
  71.000       0.9560
  72.000       0.8372
  73.000       0.7050
  74.000       0.7038
  75.000       0.8100
  76.000       0.8611
  77.000       1.0293
  78.000       1.7817
  79.000       1.4736
  80.000       1.5142
  81.000       1.7610
  82.000       1.4240
  83.000       1.2672
  84.000       1.5942
  85.000       1.1926
  86.000       1.2395
  87.000       1.4131
  88.000       1.2396
  89.000       1.1466
  90.000       1.3727
  91.000       1.4716
  92.000       1.3450
  93.000       1.4128
  94.000       1.1758
  95.000       1.2071
  96.000       1.2655
  97.000       1.0158
  98.000       0.8881
  99.000       0.9344
 100.000       0.9962
 101.000       0.9802
 102.000       1.1432
 103.000       1.2276
 104.000       1.2213
 105.000       1.0619
 106.000       1.1931
 107.000       1.2688
 108.000       1.1121
 109.000       1.0762
 110.000       1.0200
 111.000       1.1779
 112.000       1.0541
 113.000       1.1007
 114.000       0.8700
 115.000       0.7416
 116.000       0.7493
 117.000       0.6389
 118.000       0.6224
 119.000       0.6174
 120.000       0.5833
 121.000       0.6131
 122.000       0.6252
 123.000       0.6326
 124.000       0.7283
 125.000       0.7087
 126.000       0.6873
 127.000       0.6201
 128.000       0.6884
 129.000       0.7495
 130.000       0.8565
 131.000       0.8585
 132.000       0.8328
 133.000       0.7797
 134.000       0.9209
 135.000       0.8946
 136.000       0.6841
 137.000       0.7695
 138.000       0.8628
 139.000       0.7460
 140.000       0.7082
 141.000       0.8916
 142.000       0.8680
 143.000       0.7719
 144.000       0.7596
 145.000       0.9520
 146.000       1.2302
 147.000       1.2464
 148.000       0.9163
 149.000       0.7754
 150.000       0.7040
 151.000       0.6701
 152.000       0.7337
 153.000       0.7749
 154.000       0.6921
 155.000       0.6718
 156.000       0.6835
 157.000       0.6551
 158.000       0.6946
 159.000       0.7089
 160.000       0.8062
 161.000       0.8802
 162.000       0.9706
 163.000       1.1288
 164.000       1.0409
 165.000       1.1786
 166.000       1.2246
 167.000       1.0319
 168.000       1.2596
 169.000       1.5012
 170.000       1.5534
 171.000       1.2596
 172.000       1.2456
 173.000       1.2607
 174.000       1.0090
 175.000       0.8919
 176.000       0.9081
 177.000       0.9463
 178.000       0.9276
 179.000       1.0862
 180.000       0.9727
 181.000       0.9118
 182.000       0.8748
 183.000       0.8127
 184.000       1.0057
 185.000       0.9871
 186.000       0.9511
 187.000       1.0708
 188.000       1.0503
 189.000       1.1797
 190.000       1.2211
 191.000       1.0911
 192.000       1.1226
 193.000       1.0198
 194.000       0.7322
 195.000       0.8229
 196.000       0.8496
 197.000       1.0893
 198.000       1.1228
 199.000       1.1063
 200.000       1.3286
 201.000       1.3670
 202.000       1.5722
 203.000       1.2541
 204.000       1.1791
 205.000       1.1766
 206.000       1.0953
 207.000       1.1293
 208.000       0.9377
 209.000       0.8616
 210.000       0.8014
 211.000       0.7236
 212.000       0.7318
 213.000       0.7622
 214.000       0.8088
 215.000       0.8696
 216.000       0.7267
 217.000       0.9553
 218.000       1.1159
 219.000       1.0106
 220.000       1.2140
 221.000       1.3981
 222.000       1.4476
 223.000       1.3219
 224.000       1.3326
 225.000       1.0663
 226.000       0.9395
 227.000       0.8345
 228.000       0.8114
 229.000       0.8838
 230.000       0.8855
 231.000       0.9540
 232.000       0.9597
 233.000       1.2086
 234.000       1.2226
 235.000       1.4304
 236.000       1.4988
 237.000       1.5683
 238.000       1.3827
 239.000       1.3105
 240.000       0.9791
 241.000       0.8815
 242.000       0.8386
 243.000       0.7734
 244.000       0.7589
 245.000       0.6965
 246.000       0.7627
 247.000       0.6762
 248.000       0.7181
 249.000       0.7091
 250.000       0.7782
 251.000       0.8262
 252.000       0.9886
 253.000       1.2366
 254.000       1.6213
 255.000       2.4469
 256.000       2.4270
 257.000       1.9471
 258.000       1.3166
 259.000       0.9278
 260.000       0.9267
 261.000       0.8968
 262.000       0.8317
 263.000       0.8674
 264.000       1.1021
 265.000       1.2996
 266.000       1.2684
 267.000       1.5350
 268.000       1.4730
 269.000       1.6491
 270.000       1.3603
 271.000       1.0832
 272.000       0.9397
 273.000       0.8061
 274.000       0.6893
 275.000       0.7108
 276.000       0.7014
 277.000       0.8234
 278.000       1.0820
 279.000       1.6383
 280.000       1.2284
 281.000       1.0033
 282.000       1.1843
 283.000       1.5564
 284.000       1.3516
 285.000       1.4456
 286.000       1.4453
 287.000       1.4535
 288.000       1.2901
 289.000       1.1543
 290.000       1.0294
 291.000       0.9836
 292.000       0.9200
 293.000       0.8499
 294.000       0.7528
 295.000       0.8334
 296.000       0.7461
 297.000       0.7472
 298.000       0.8032
 299.000       0.8103
 300.000       1.0166
 301.000       1.0707
 302.000       0.9600
 303.000       1.2240
 304.000       0.9675
 305.000       0.7938
 306.000       0.7433
 307.000       0.7214
 308.000       0.7514
 309.000       0.8372
 310.000       0.7943
 311.000       0.9893
 312.000       1.0500
 313.000       1.1988
 314.000       1.2276
 315.000       1.5272
 316.000       2.0292
 317.000       2.5381
 318.000       2.9742
 319.000       2.4448
 320.000       1.7486
 321.000       1.6095
 322.000       1.5987
 323.000       1.6626
 324.000       1.2823
 325.000       1.0477
 326.000       0.9209
 327.000       0.7942
 328.000       0.8204
 329.000       0.7693
 330.000       0.8422
 332.000       2.0255
 333.000       1.5344
 334.000       1.4098
 335.000       1.4447
 336.000       1.2398
 337.000       0.8965
 338.000       0.8467
 339.000       1.0358
 340.000       1.4107
 341.000       1.2027
 342.000       1.0813
 343.000       1.6005
 344.000       1.5669
 345.000       1.1497
 346.000       1.2874
 347.000       0.8987
 348.000       0.8290
 349.000       0.8003
 350.000       1.0154
 351.000       1.0675
 352.000       1.0748
 353.000       0.8504
 354.000       1.0185
 355.000       1.1640
 356.000       0.9768
 357.000       0.8658
 358.000       0.9748
 359.000       1.0368
 360.000       1.1685
 361.000       1.0794
 362.000       0.8362
 363.000       0.9006
 364.000       1.0965
 365.000       1.0237
 366.000       0.8709
 367.000       0.9296
 368.000       1.0722
 369.000       1.0591
 370.000       0.9674
 371.000       1.0516
 372.000       1.1923
 373.000       1.1180
 374.000       1.0602
 375.000       1.1444
 376.000       1.0811
 377.000       0.9727
 378.000       1.0839
 379.000       1.0187
 380.000       0.8960
 381.000       0.8101
 382.000       0.7126
 383.000       0.6901
 384.000       0.6678
 385.000       0.8380
 386.000       0.8723
 387.000       0.7941
 388.000       0.7621
 389.000       0.7454
 390.000       0.7237
 391.000       0.8171
 392.000       0.7632
 393.000       0.7068
 394.000       0.7640
 395.000       0.7587
 396.000       0.7588
 397.000       0.8419
 398.000       0.9252
 399.000       0.9676
 400.000       1.0787
 401.000       0.8775
 402.000       0.9843
 403.000       0.9056
 404.000       0.7364
 405.000       0.7338
 406.000       0.7695
 407.000       0.7631
 408.000       0.7303
 409.000       1.0385
 410.000       0.7437
 411.000       0.8531
 412.000       0.8172
 413.000       0.8407
 414.000       1.0091
 415.000       0.9375
 416.000       0.8072
 417.000       0.9664
 418.000       1.0973
 419.000       0.9179
 420.000       1.0102
 421.000       1.4428
 422.000       1.5133
 423.000       1.3266
 424.000       1.6299
 425.000       1.7921
 426.000       1.5459
 427.000       1.4215
 428.000       1.1262
 429.000       1.0020
 430.000       1.1762
 431.000       0.9984
 432.000       1.0835
 433.000       1.9736
 434.000       3.0215
 435.000       3.9597
 436.000       5.0608
 437.000       5.6263
 438.000       4.7390
 439.000       4.2078
 440.000       3.3664
 441.000       2.9539
 442.000       3.1166
 443.000       1.9650
 444.000       1.5951
 445.000       1.0993
 446.000       0.8297
 447.000       0.8450
 448.000       0.7775
 449.000       0.7177
 450.000       0.8001
 451.000       0.7525
 452.000       0.6545
 453.000       0.6818
 454.000       0.6619
 455.000       0.7962
 456.000       0.7749
 457.000       0.7333
 458.000       0.6387
 459.000       0.6404
 460.000       0.7467
 461.000       0.8988
 462.000       0.7706
 463.000       0.8052
 464.000       0.7498
 465.000       0.9064
 466.000       0.9654
 467.000       0.8482
 468.000       0.8812
 469.000       1.0253
 470.000       1.0223
 471.000       0.9512
 472.000       1.0906
 473.000       1.1047
 474.000       1.0020
 475.000       0.8594
 476.000       1.0637
 477.000       1.2445
 478.000       1.5312
 479.000       1.2187
 480.000       0.9265
 481.000       0.8407
 482.000       0.8544
 483.000       0.9029
 484.000       1.0603
 485.000       0.8357
 486.000       0.7930
 487.000       0.7417
 488.000       0.6688
 489.000       0.6748
 490.000       0.6838
 491.000       0.7765
 492.000       0.9242
 493.000       0.9351
 494.000       1.0068
 495.000       1.6251
 496.000       1.4527
 497.000       1.7722
 498.000       2.5298
 499.000       1.7620
 500.000       2.2961
 501.000       2.9370
 502.000       2.5475
 503.000       2.2640
 504.000       2.3326
 505.000       1.8688
 506.000       1.5476
 507.000       1.6322
 508.000       1.5219
 509.000       1.3827
 510.000       1.4479
 511.000       1.5192
 512.000       1.2817
 513.000       1.3961
 514.000       1.3812
 515.000       1.5540
 516.000       1.3220
 517.000       1.4017
 518.000       1.5290
 519.000       1.9488
 520.000       1.6662
 521.000       1.5691
 522.000       1.2592
 523.000       1.0393
 524.000       0.9411
 525.000       0.8731
 526.000       0.9915
 527.000       0.9577
 528.000       1.0491
 529.000       1.1115
 530.000       1.0404
 531.000       1.1784
 532.000       1.1429
 533.000       1.1483
 534.000       1.0097
 535.000       0.9186
 536.000       0.9145
 537.000       0.9440
 538.000       1.0388
 539.000       0.8947
 540.000       0.8341
 541.000       0.7721
 542.000       0.7481
 543.000       0.7231
 544.000       0.8106
 545.000       0.8303
 546.000       0.8846
 547.000       0.8265
 548.000       1.0127
 549.000       1.1189
 550.000       0.9697
 551.000       1.1911
 552.000       1.3165
 553.000       1.4160
 554.000       1.1568
 555.000       1.0427
 556.000       0.8441
 557.000       0.8333
 558.000       0.8260
 559.000       0.8340
 560.000       0.8858
 561.000       0.8649
 562.000       0.9243
 563.000       0.9042
 564.000       1.0787
 565.000       1.0862
 566.000       1.2315
 567.000       1.4264
 568.000       1.3131
 569.000       1.1600
 570.000       1.0470
 571.000       0.9693
 572.000       1.3388
 573.000       0.9228
 574.000       0.7249
 575.000       0.6917
 576.000       0.6849
 577.000       0.6998
 578.000       0.6812
 579.000       0.7644
 580.000       0.7675
 581.000       1.0714
 582.000       1.8273
 583.000       2.4498
 584.000       3.6639
 585.000       3.6189
 586.000       4.2330
 587.000       3.9934
 588.000       3.1745
 589.000       2.9134
 590.000       1.5183
 591.000       0.9315
 592.000       0.9051
 593.000       0.8458
 594.000       0.9024
 595.000       0.9939
 596.000       1.1428
 597.000       1.1113
 598.000       1.2359
 599.000       1.1526
 600.000       1.0778
 601.000       1.0494
 602.000       0.8732
 603.000       0.9252
 604.000       0.8011
 605.000       0.7525
 606.000       0.7826
 607.000       0.7811
 608.000       1.0716
 609.000       1.3046
 610.000       1.7541
 611.000       1.5550
 612.000       1.2422
 613.000       1.2324
 614.000       1.2009
 615.000       1.1492
 616.000       1.4422
 617.000       1.4408
 618.000       1.4388
 619.000       1.3490
 620.000       1.1561
 621.000       1.0260
 622.000       0.9361
 623.000       0.8768
 624.000       0.8201
 625.000       0.7450
 626.000       0.8100
 627.000       0.7195
 628.000       0.8189
 629.000       0.9075
 630.000       0.9072
 631.000       1.0745
 632.000       1.0455
 633.000       0.9719
 634.000       0.9966
 635.000       0.9188
 636.000       0.8634
 637.000       0.8252
 638.000       0.8279
 639.000       0.7296
 640.000       0.8274
 641.000       0.7921
 642.000       0.9452
 643.000       1.0294
 644.000       1.4030
 645.000       1.9709
 646.000       2.8606
 647.000       4.2099
 648.000       4.1177
 649.000       3.6842
 650.000       4.0817
 651.000       2.6557
 652.000       1.6670
 653.000       1.4805
 654.000       1.6199
 655.000       1.2592
 656.000       1.1354
 657.000       1.0306
 658.000       0.8816
 659.000       0.8156
 660.000       0.9530
 661.000       1.2884
