#Frame            pro
       1       0.0000
       2       0.8119
       3       0.9977
       4       0.9347
       5       1.2988
       6       1.2649
       7       1.1361
       8       1.1024
       9       1.2749
      10       1.0723
      11       1.1079
      12       1.0082
      13       1.1113
      14       1.0943
      15       1.2420
      16       1.4171
      17       1.5343
      18       1.4576
      19       1.3685
      20       1.3688
      21       1.3443
      22       1.4333
      23       1.5054
      24       1.4537
      25       1.6273
      26       1.4537
      27       1.5927
      28       1.8627
      29       1.6923
      30       1.6163
      31       1.7201
      32       1.5670
      33       1.4965
      34       1.6009
      35       1.4888
      36       1.8728
      37       1.9112
      38       1.7638
      39       1.4791
      40       1.7090
      41       1.6545
      42       1.6346
      43       1.5318
      44       1.6147
      45       1.5981
      46       1.4824
      47       1.5432
      48       1.4226
      49       1.2519
      50       1.6063
      51       1.4324
      52       1.3419
      53       1.4683
      54       1.5010
      55       1.4075
      56       1.5005
      57       1.4474
      58       1.5290
      59       1.4983
      60       1.4719
      61       1.4705
      62       1.4379
      63       1.4810
      64       1.5941
      65       1.7145
      66       1.6472
      67       1.6361
      68       1.6092
      69       1.5915
      70       1.4905
      71       1.5159
      72       1.6723
      73       1.6098
      74       1.6658
      75       1.7390
      76       1.6083
      77       1.7656
      78       1.8019
      79       1.8375
      80       1.6144
      81       1.8494
      82       1.7488
      83       1.6973
      84       1.6247
      85       1.6814
      86       1.8095
      87       1.8332
      88       1.7207
      89       1.7656
      90       1.7498
      91       1.6636
      92       1.8326
      93       1.7265
      94       1.6626
      95       1.5655
      96       1.6630
      97       1.7757
      98       1.7369
      99       1.8005
     100       1.6605
     101       1.7270
     102       1.7109
     103       1.7782
     104       1.7592
     105       1.7618
     106       1.7514
     107       1.8787
     108       1.6014
     109       1.6257
     110       1.6695
     111       1.7185
     112       1.8112
     113       1.7566
     114       1.8324
     115       1.8506
     116       1.6873
     117       1.7379
     118       1.5804
     119       1.6702
     120       1.7108
     121       1.6945
     122       1.7492
     123       1.6973
     124       1.6671
     125       1.6567
     126       1.8629
     127       1.7236
     128       1.6186
     129       1.8159
     130       1.7689
     131       1.7296
     132       1.7016
     133       1.7270
     134       1.7144
     135       1.7758
     136       1.8581
     137       1.8706
     138       1.9151
     139       1.9327
     140       1.7068
     141       1.8321
     142       1.8174
     143       1.8538
     144       1.8045
     145       1.8666
     146       1.8011
     147       1.8800
     148       1.7588
     149       1.9004
     150       1.8159
     151       1.9284
     152       1.9478
     153       1.8956
     154       1.8930
     155       1.8878
     156       1.8111
     157       1.9520
     158       1.7879
     159       1.7874
     160       1.9386
     161       1.9028
     162       1.9402
     163       2.0469
     164       1.9179
     165       1.9908
     166       2.0298
     167       1.8969
     168       1.8600
     169       1.8421
     170       1.8458
     171       1.8276
     172       1.7712
     173       1.8302
     174       1.8912
     175       1.7960
     176       1.8057
     177       1.8394
     178       1.8381
     179       1.8575
     180       1.9323
     181       1.8385
     182       1.8888
     183       1.8941
     184       1.9028
     185       1.8493
     186       1.7835
     187       1.8076
     188       1.7667
     189       1.7913
     190       1.7672
     191       1.8058
     192       1.9536
     193       1.7768
     194       1.7914
     195       1.7794
     196       1.7530
     197       1.8447
     198       2.0483
     199       1.9190
     200       1.9562
     201       1.9327
     202       2.0374
     203       2.0892
     204       2.0457
     205       1.8926
     206       1.7861
     207       1.9119
     208       1.8897
     209       1.8100
     210       1.7973
     211       1.8207
     212       1.7802
     213       1.8975
     214       1.9185
     215       2.0662
     216       2.1426
     217       1.9803
     218       1.9087
     219       1.7519
     220       1.8505
     221       1.8884
     222       1.8871
     223       1.9303
     224       1.9695
     225       1.8943
     226       1.9079
     227       1.9727
     228       2.0319
     229       2.0627
     230       1.9779
     231       1.9982
     232       2.0635
     233       1.9943
     234       2.0783
     235       2.0319
     236       2.1340
     237       2.2372
     238       2.0636
     239       2.0445
     240       1.9435
     241       2.0417
     242       2.1824
     243       2.1130
     244       2.0751
     245       2.1096
     246       2.1411
     247       2.0996
     248       2.2171
     249       2.1153
     250       2.2889
     251       2.3232
     252       2.1250
     253       2.0645
     254       2.0677
     255       2.1788
     256       2.1875
     257       2.0786
     258       2.2584
     259       2.1499
     260       2.1013
     261       2.1289
     262       2.1577
     263       2.0108
     264       2.1706
     265       2.0483
     266       2.2208
     267       2.1357
     268       2.1196
     269       2.0961
     270       2.0993
     271       2.0969
     272       2.0840
     273       2.1685
     274       2.1514
     275       2.1172
     276       2.0810
     277       2.0405
     278       2.1949
     279       2.2405
     280       1.9678
     281       2.0083
     282       2.0743
     283       2.1932
     284       2.0553
     285       1.9470
     286       1.9613
     287       2.0648
     288       1.9771
     289       1.9867
     290       1.9065
     291       1.9587
     292       2.0293
     293       2.0436
     294       2.0132
     295       1.9930
     296       1.9848
     297       1.9993
     298       2.1039
     299       2.0219
     300       1.9971
     301       1.9331
     302       1.9335
     303       1.8613
     304       1.9200
     305       2.0489
     306       2.0610
     307       1.9686
     308       1.9556
     309       1.9058
     310       2.1305
     311       2.1175
     312       2.1199
     313       2.1223
     314       2.0458
     315       2.1325
     316       2.1781
     317       2.1663
     318       2.1975
     319       2.2122
     320       2.0987
     321       2.2027
     322       2.1792
     323       2.2436
     324       2.1172
     325       2.1721
     326       2.1864
     327       2.3439
     328       2.2596
     329       2.2227
     330       2.2765
     331       2.2686
     332       2.1258
     333       2.3562
     334       2.1976
     335       2.1562
     336       2.3262
     337       2.3262
     338       2.2625
     339       2.2747
     340       2.3184
     341       2.2542
     342       2.2449
     343       2.2718
     344       2.3678
     345       2.3125
     346       2.3605
     347       2.2997
     348       2.3204
     349       2.1804
     350       2.2229
     351       2.1733
     352       2.1629
     353       2.2032
     354       2.3083
     355       2.3168
     356       2.2835
     357       2.1981
     358       2.1192
     359       2.2141
     360       2.2920
     361       2.1657
     362       2.2874
     363       2.1912
     364       2.3484
     365       2.2168
     366       2.2429
     367       2.2610
     368       2.2110
     369       2.2430
     370       2.1923
     371       2.1307
     372       1.9826
     373       2.1406
     374       2.2045
     375       2.1073
     376       2.0983
     377       2.0998
     378       2.0438
     379       2.1444
     380       2.2455
     381       2.1654
     382       2.2815
     383       2.3450
     384       2.2801
     385       2.2785
     386       2.3812
     387       2.2599
     388       2.2472
     389       2.3199
     390       2.3056
     391       2.2091
     392       2.2568
     393       2.2339
     394       2.3119
     395       2.2818
     396       2.2535
     397       2.2459
     398       2.3369
     399       2.3684
     400       2.4314
     401       2.5141
     402       2.3062
     403       2.3868
     404       2.2771
     405       2.1451
     406       2.2176
     407       2.1892
     408       2.3018
     409       2.2380
     410       2.1996
     411       2.1988
     412       2.2572
     413       2.2370
     414       2.2675
     415       2.3124
     416       2.3136
     417       2.2072
     418       2.2654
     419       2.3097
     420       2.3196
     421       2.2523
     422       2.2166
     423       2.2012
     424       2.2765
     425       2.3231
     426       2.3067
     427       2.2906
     428       2.3066
     429       2.2880
     430       2.2362
     431       2.3372
     432       2.2728
     433       2.1939
     434       2.3274
     435       2.3058
     436       2.3985
     437       2.4364
     438       2.5005
     439       2.2815
     440       2.3470
     441       2.2014
     442       2.3686
     443       2.3631
     444       2.4749
     445       2.3842
     446       2.5253
     447       2.4221
     448       2.4814
     449       2.3623
     450       2.3160
     451       2.3689
     452       2.3802
     453       2.3840
     454       2.4479
     455       2.6136
     456       2.6397
     457       2.4143
     458       2.6341
     459       2.4308
     460       2.4771
     461       2.5562
     462       2.3868
     463       2.3857
     464       2.4682
     465       2.5010
     466       2.6530
     467       2.6942
     468       2.4965
     469       2.5277
     470       2.6249
     471       2.5237
     472       2.5894
     473       2.4160
     474       2.4075
     475       2.4352
     476       2.4467
     477       2.3376
     478       2.5760
     479       2.6468
     480       2.3971
     481       2.4483
     482       2.6356
     483       2.7309
     484       2.6475
     485       2.7754
     486       2.6605
     487       2.6019
     488       2.6126
     489       2.5747
     490       2.7877
     491       2.8190
     492       2.6699
     493       2.4675
     494       2.6124
     495       2.5682
     496       2.5006
     497       2.5368
     498       2.4315
     499       2.3473
     500       2.2976
     501       2.4149
     502       2.6565
     503       2.3802
     504       2.4665
     505       2.4307
     506       2.3102
     507       2.4049
     508       2.3834
     509       2.4124
     510       2.3815
     511       2.3564
     512       2.3708
     513       2.5012
     514       2.4667
     515       2.3943
     516       2.4840
     517       2.3283
     518       2.4298
     519       2.3624
     520       2.2438
     521       2.3301
     522       2.4063
     523       2.3977
     524       2.3205
     525       2.5896
     526       2.3913
     527       2.4369
     528       2.5113
     529       2.4184
     530       2.4256
     531       2.4679
     532       2.4528
     533       2.3955
     534       2.4091
     535       2.5240
     536       2.3332
     537       2.4745
     538       2.3389
     539       2.3067
     540       2.3476
     541       2.3822
     542       2.2682
     543       2.1890
     544       2.3158
     545       2.2014
     546       2.2394
     547       2.3398
     548       2.2684
     549       2.3352
     550       2.2711
     551       2.2503
     552       2.3555
     553       2.4009
     554       2.5260
     555       2.4945
     556       2.3716
     557       2.5324
     558       2.3330
     559       2.3718
     560       2.3708
     561       2.4044
     562       2.2665
     563       2.6391
     564       2.1917
     565       2.2575
     566       2.3572
     567       2.5775
     568       2.4489
     569       2.5450
     570       2.4816
     571       2.5029
     572       2.4484
     573       2.4122
     574       2.2824
     575       2.3446
     576       2.3781
     577       2.4096
     578       2.2909
     579       2.3401
     580       2.4412
     581       2.4220
     582       2.5226
     583       2.4770
     584       2.2804
     585       2.2468
     586       2.2331
     587       2.2197
     588       2.2190
     589       2.1918
     590       2.1613
     591       2.2874
     592       2.3064
     593       2.1944
     594       2.1251
     595       2.0903
     596       2.0870
     597       2.1329
     598       2.0873
     599       2.1487
     600       2.0388
     601       2.1908
     602       2.2215
     603       2.1788
     604       2.2604
     605       2.1882
     606       2.2191
     607       2.2035
     608       2.1266
     609       2.0801
     610       2.1662
     611       2.1944
     612       2.2161
     613       2.1749
     614       2.1934
     615       2.2638
     616       2.2770
     617       2.2985
     618       2.2276
     619       2.1446
     620       2.0859
     621       2.1809
     622       2.0770
     623       2.2973
     624       2.1890
     625       2.0359
     626       2.1698
     627       2.3233
     628       2.3518
     629       2.2618
     630       2.2621
     631       2.3265
     632       2.3250
     633       2.2085
     634       2.1199
     635       1.9013
     636       1.9735
     637       2.1415
     638       2.1025
     639       2.1138
     640       2.1915
     641       2.2286
     642       2.2768
     643       2.1637
     644       2.2288
     645       2.0527
     646       2.1849
     647       2.2101
     648       2.1475
     649       2.1576
     650       2.2254
     651       2.2552
     652       2.2013
     653       2.2686
     654       2.1291
     655       2.1939
     656       2.2087
     657       2.1261
     658       2.1326
     659       2.0303
     660       2.1596
     661       2.1420
     662       2.0418
     663       2.0283
     664       2.2213
     665       2.2205
     666       2.0540
     667       2.2124
     668       2.1912
     669       2.1278
     670       2.1735
     671       2.2646
     672       2.4277
     673       2.2296
     674       2.4418
     675       2.2895
     676       2.4334
     677       2.5208
     678       2.3380
     679       2.4516
     680       2.3812
     681       2.4880
     682       2.3469
     683       2.3984
     684       2.5006
     685       2.4818
     686       2.4950
     687       2.4391
     688       2.5739
     689       2.4470
     690       2.3773
     691       2.3632
     692       2.3782
     693       2.4706
     694       2.3623
     695       2.3190
     696       2.2649
     697       2.4132
     698       2.5312
     699       2.4780
     700       2.3870
     701       2.4713
     702       2.4227
     703       2.3076
     704       2.3497
     705       2.3479
     706       2.3373
     707       2.3460
     708       2.2091
     709       2.3176
     710       2.3697
     711       2.3036
     712       2.3442
     713       2.4046
     714       2.2599
     715       2.4135
     716       2.3487
     717       2.3091
     718       2.4034
     719       2.4195
     720       2.4047
     721       2.4076
     722       2.3316
     723       2.1931
     724       2.3626
     725       2.3156
     726       2.3121
     727       2.3727
     728       2.3210
     729       2.2871
     730       2.3642
     731       2.2484
     732       2.3639
     733       2.3154
     734       2.3635
     735       2.4320
     736       2.3414
     737       2.3271
     738       2.4375
     739       2.3634
     740       2.5548
     741       2.3616
     742       2.4287
     743       2.3080
     744       2.2892
     745       2.4159
     746       2.2576
     747       2.3662
     748       2.3485
     749       2.2416
     750       2.1772
     751       2.1635
     752       2.2102
     753       2.2628
     754       2.3198
     755       2.1937
     756       2.4328
     757       2.3840
     758       2.2879
     759       2.3230
     760       2.2647
     761       2.2944
     762       2.3626
     763       2.2943
     764       2.2953
     765       2.3840
     766       2.4582
     767       2.3697
     768       2.4484
     769       2.4405
     770       2.4789
     771       2.4692
     772       2.4777
     773       2.4498
     774       2.5973
     775       2.5612
     776       2.4627
     777       2.4879
     778       2.4364
     779       2.4493
     780       2.5074
     781       2.4798
     782       2.3664
     783       2.4430
     784       2.3959
     785       2.3316
     786       2.3591
     787       2.4104
     788       2.3422
     789       2.4859
     790       2.2600
     791       2.3443
     792       2.4228
     793       2.4926
     794       2.3485
     795       2.3455
     796       2.3943
     797       2.3737
     798       2.3209
     799       2.2920
     800       2.3390
     801       2.3154
     802       2.3189
     803       2.3901
     804       2.4024
     805       2.3803
     806       2.2363
     807       2.2471
     808       2.3252
     809       2.3556
     810       2.3267
     811       2.2338
     812       2.3051
     813       2.1542
     814       2.3471
     815       2.3463
     816       2.3233
     817       2.2162
     818       2.2683
     819       2.2809
     820       2.3496
     821       2.2765
     822       2.2602
     823       2.3886
     824       2.3878
     825       2.3554
     826       2.2028
     827       2.3821
     828       2.2377
     829       2.2976
     830       2.3717
     831       2.3126
     832       2.4613
     833       2.3523
     834       2.3678
     835       2.4106
     836       2.2792
     837       2.2206
     838       2.3456
     839       2.2448
     840       2.3850
     841       2.3802
     842       2.3419
     843       2.5173
     844       2.3920
     845       2.3723
     846       2.5601
     847       2.3841
     848       2.3442
     849       2.4624
     850       2.3691
     851       2.3485
     852       2.2980
     853       2.5485
     854       2.4432
     855       2.6028
     856       2.6344
     857       2.6256
     858       2.5169
     859       2.7366
     860       2.5691
     861       2.5955
     862       2.5237
     863       2.4070
     864       2.4880
     865       2.5100
     866       2.4747
     867       2.4847
     868       2.5629
     869       2.4073
     870       2.4609
     871       2.4677
     872       2.6532
     873       2.6042
     874       2.4693
     875       2.5058
     876       2.4288
     877       2.5103
     878       2.7806
     879       2.7054
     880       2.5408
     881       2.4112
     882       2.5752
     883       2.5379
     884       2.6060
     885       2.6380
     886       2.5729
     887       2.4552
     888       2.4211
     889       2.4708
     890       2.5096
     891       2.4174
     892       2.4124
     893       2.5129
     894       2.4891
     895       2.4509
     896       2.6765
     897       2.6858
     898       2.6061
     899       2.4250
     900       2.4230
     901       2.5256
     902       2.4511
     903       2.3886
     904       2.3980
     905       2.4994
     906       2.4888
     907       2.5071
     908       2.4153
     909       2.3918
     910       2.4709
     911       2.3277
     912       2.4221
     913       2.5480
     914       2.4647
     915       2.4038
     916       2.4335
     917       2.4622
     918       2.5396
     919       2.4799
     920       2.4364
     921       2.4756
     922       2.4912
     923       2.2584
     924       2.4606
     925       2.3420
     926       2.4011
     927       2.4575
     928       2.5909
     929       2.4050
     930       2.2771
     931       2.3226
     932       2.3715
     933       2.3722
     934       2.4789
     935       2.3888
     936       2.2918
     937       2.4136
     938       2.3508
     939       2.4289
     940       2.4973
     941       2.5221
     942       2.5556
     943       2.3750
     944       2.3539
     945       2.3020
     946       2.3069
     947       2.4079
     948       2.4186
     949       2.3681
     950       2.2442
     951       2.2848
     952       2.3237
     953       2.3372
     954       2.3270
     955       2.3479
     956       2.4241
     957       2.3838
     958       2.3768
     959       2.4270
     960       2.3818
     961       2.4424
     962       2.4451
     963       2.5029
     964       2.6267
     965       2.4885
     966       2.5549
     967       2.5080
     968       2.4981
     969       2.4266
     970       2.5509
     971       2.5390
     972       2.4055
     973       2.4289
     974       2.4417
     975       2.4138
     976       2.3678
     977       2.4924
     978       2.4172
     979       2.3186
     980       2.3940
     981       2.4550
     982       2.4257
     983       2.5193
     984       2.4585
     985       2.6199
     986       2.5637
     987       2.4336
     988       2.4618
     989       2.5747
     990       2.5225
     991       2.4784
     992       2.5656
     993       2.5354
     994       2.4494
     995       2.5921
     996       2.4799
     997       2.5351
     998       2.5848
     999       2.5524
    1000       2.6144
    1001       2.5957
    1002       2.6286
    1003       2.4641
    1004       2.4856
    1005       2.5975
    1006       2.5753
    1007       2.6160
    1008       2.5600
    1009       2.5240
    1010       2.5654
    1011       2.4503
    1012       2.5082
    1013       2.5455
    1014       2.4024
    1015       2.5513
    1016       2.3631
    1017       2.4588
    1018       2.4598
    1019       2.3643
    1020       2.2982
    1021       2.3317
    1022       2.3682
    1023       2.4828
    1024       2.4014
    1025       2.3658
    1026       2.3703
    1027       2.3621
    1028       2.2952
    1029       2.3864
    1030       2.3982
    1031       2.3271
    1032       2.4393
    1033       2.4719
    1034       2.3837
    1035       2.4465
    1036       2.4779
    1037       2.4095
    1038       2.4335
    1039       2.3609
    1040       2.3809
    1041       2.4745
    1042       2.4019
    1043       2.5343
    1044       2.4612
    1045       2.4332
    1046       2.2868
    1047       2.4463
    1048       2.4613
    1049       2.4050
    1050       2.3050
    1051       2.2797
    1052       2.2905
    1053       2.3272
    1054       2.2709
    1055       2.2603
    1056       2.3900
    1057       2.2976
    1058       2.3517
    1059       2.3163
    1060       2.4329
    1061       2.3154
    1062       2.3868
    1063       2.4817
    1064       2.4380
    1065       2.5046
    1066       2.3718
    1067       2.5708
    1068       2.4179
    1069       2.4043
    1070       2.4593
    1071       2.4661
    1072       2.4456
    1073       2.3867
    1074       2.3273
    1075       2.3269
    1076       2.5233
    1077       2.3809
    1078       2.4806
    1079       2.4393
    1080       2.4249
    1081       2.3387
    1082       2.3292
    1083       2.4757
    1084       2.4607
    1085       2.4606
    1086       2.4157
    1087       2.4208
    1088       2.3757
    1089       2.5222
    1090       2.4896
    1091       2.2731
    1092       2.4413
    1093       2.4073
    1094       2.4150
    1095       2.4630
    1096       2.3121
    1097       2.3529
    1098       2.3736
    1099       2.3644
    1100       2.4124
    1101       2.3732
    1102       2.3803
    1103       2.3888
    1104       2.5925
    1105       2.4524
    1106       2.3720
    1107       2.6237
    1108       2.4919
    1109       2.3151
    1110       2.2926
    1111       2.2813
    1112       2.3517
    1113       2.4508
    1114       2.3116
    1115       2.4013
    1116       2.2576
    1117       2.2753
    1118       2.2990
    1119       2.3196
    1120       2.2604
    1121       2.4246
    1122       2.3767
    1123       2.3207
    1124       2.3946
    1125       2.5282
    1126       2.5016
    1127       2.4794
    1128       2.5631
    1129       2.5976
    1130       2.6052
    1131       2.6381
    1132       2.4703
    1133       2.3717
    1134       2.4460
    1135       2.3931
    1136       2.4192
    1137       2.3742
    1138       2.3088
    1139       2.4120
    1140       2.4343
    1141       2.4641
    1142       2.4097
    1143       2.4188
    1144       2.2967
    1145       2.3760
    1146       2.4247
    1147       2.3853
    1148       2.5649
    1149       2.5015
    1150       2.3882
    1151       2.4283
    1152       2.4574
    1153       2.3215
    1154       2.3523
    1155       2.3733
    1156       2.3643
    1157       2.3100
    1158       2.3385
    1159       2.4500
    1160       2.4078
    1161       2.4072
    1162       2.4172
    1163       2.4753
    1164       2.3138
    1165       2.3508
    1166       2.4176
    1167       2.2253
    1168       2.2776
    1169       2.3141
    1170       2.3033
    1171       2.4745
    1172       2.3555
    1173       2.3307
    1174       2.3686
    1175       2.4784
    1176       2.5938
    1177       2.4397
    1178       2.4448
    1179       2.4643
    1180       2.4936
    1181       2.3963
    1182       2.3622
    1183       2.4184
    1184       2.3920
    1185       2.4072
    1186       2.4742
    1187       2.4141
    1188       2.4593
    1189       2.3402
    1190       2.3309
    1191       2.2939
    1192       2.2626
    1193       2.4473
    1194       2.4358
    1195       2.4743
    1196       2.3686
    1197       2.3625
    1198       2.4916
    1199       2.4808
    1200       2.4906
    1201       2.4235
    1202       2.5032
    1203       2.3746
    1204       2.3844
    1205       2.3203
    1206       2.3320
    1207       2.4268
    1208       2.3870
    1209       2.4732
    1210       2.3641
    1211       2.4225
    1212       2.4268
    1213       2.4111
    1214       2.3363
    1215       2.4058
    1216       2.4042
    1217       2.3670
    1218       2.3039
    1219       2.3951
    1220       2.4027
    1221       2.3880
    1222       2.3922
    1223       2.3456
    1224       2.4173
    1225       2.5255
    1226       2.4042
    1227       2.4461
    1228       2.4252
    1229       2.4034
    1230       2.4111
    1231       2.5560
    1232       2.4792
    1233       2.4585
    1234       2.4275
    1235       2.4093
    1236       2.4304
    1237       2.4348
    1238       2.5949
    1239       2.5422
    1240       2.6126
    1241       2.6409
    1242       2.4755
    1243       2.6220
    1244       2.5979
    1245       2.4997
    1246       2.5323
    1247       2.4933
    1248       2.3727
    1249       2.5295
    1250       2.4379
    1251       2.5075
    1252       2.4709
    1253       2.5937
    1254       2.5996
    1255       2.5232
    1256       2.5007
    1257       2.4209
    1258       2.3818
    1259       2.4101
    1260       2.3451
    1261       2.4140
    1262       2.5568
    1263       2.4113
    1264       2.4008
    1265       2.3178
    1266       2.4326
    1267       2.4234
    1268       2.3638
    1269       2.3601
    1270       2.3370
    1271       2.4678
    1272       2.3343
    1273       2.3119
    1274       2.4344
    1275       2.4010
    1276       2.5177
    1277       2.5036
    1278       2.4272
    1279       2.4622
    1280       2.4800
    1281       2.6044
    1282       2.5148
    1283       2.5507
    1284       2.4927
    1285       2.5420
    1286       2.5105
    1287       2.5300
    1288       2.5147
    1289       2.5752
    1290       2.4922
    1291       2.4474
    1292       2.5420
    1293       2.4883
    1294       2.5326
    1295       2.5156
    1296       2.6258
    1297       2.6375
    1298       2.5751
    1299       2.5927
    1300       2.5161
    1301       2.5968
    1302       2.5612
    1303       2.5630
    1304       2.3905
    1305       2.4865
    1306       2.6506
    1307       2.4982
    1308       2.7085
    1309       2.7712
    1310       2.5832
    1311       2.6701
    1312       2.6043
    1313       2.6909
    1314       2.5437
    1315       2.4711
    1316       2.5683
    1317       2.5984
    1318       2.5537
    1319       2.5605
    1320       2.5142
    1321       2.4659
    1322       2.4955
    1323       2.4295
    1324       2.4981
    1325       2.5006
    1326       2.4918
    1327       2.4694
    1328       2.4835
    1329       2.4850
    1330       2.3839
    1331       2.4720
    1332       2.4155
    1333       2.4933
    1334       2.3682
    1335       2.4990
    1336       2.5421
    1337       2.5896
    1338       2.5814
    1339       2.6410
    1340       2.5586
    1341       2.6351
    1342       2.6122
    1343       2.6121
    1344       2.5741
    1345       2.5156
    1346       2.5292
    1347       2.6437
    1348       2.8308
    1349       2.7497
    1350       2.6773
    1351       2.6817
    1352       2.5869
    1353       2.7297
    1354       2.6432
    1355       2.5610
    1356       2.6261
    1357       2.5157
    1358       2.5092
    1359       2.5556
    1360       2.5992
    1361       2.5186
    1362       2.6213
    1363       2.6641
    1364       2.5247
    1365       2.5779
    1366       2.6776
    1367       2.6873
    1368       2.5425
    1369       2.5783
    1370       2.7377
    1371       2.5077
    1372       2.4527
    1373       2.4151
    1374       2.5760
    1375       2.5713
    1376       2.5805
    1377       2.6122
    1378       2.5906
    1379       2.4373
    1380       2.4511
    1381       2.5707
    1382       2.3733
    1383       2.5431
    1384       2.5635
    1385       2.5663
    1386       2.4869
    1387       2.5038
    1388       2.4537
    1389       2.5033
    1390       2.4397
    1391       2.4376
    1392       2.6193
    1393       2.5596
    1394       2.3770
    1395       2.6122
    1396       2.5897
    1397       2.5569
    1398       2.4507
    1399       2.4965
    1400       2.4587
    1401       2.6062
    1402       2.5065
    1403       2.6831
    1404       2.6390
    1405       2.5040
    1406       2.5765
    1407       2.5556
    1408       2.5660
    1409       2.5397
    1410       2.6347
    1411       2.5204
    1412       2.4614
    1413       2.4880
    1414       2.5516
    1415       2.5790
    1416       2.4015
    1417       2.4869
    1418       2.5617
    1419       2.5640
    1420       2.4415
    1421       2.6249
    1422       2.5822
    1423       2.5589
    1424       2.6270
    1425       2.5537
    1426       2.7310
    1427       2.6843
    1428       2.7034
    1429       2.8527
    1430       2.8504
    1431       2.8095
    1432       2.6068
    1433       2.6953
    1434       2.6235
    1435       2.6091
    1436       2.6534
    1437       2.6310
    1438       2.5764
    1439       2.6985
    1440       2.6227
    1441       2.5215
    1442       2.4751
    1443       2.5570
    1444       2.5362
    1445       2.4805
    1446       2.4911
    1447       2.5226
    1448       2.5007
    1449       2.5563
    1450       2.4974
    1451       2.5493
    1452       2.5479
    1453       2.5831
    1454       2.5393
    1455       2.5591
    1456       2.5850
    1457       2.5320
    1458       2.5182
    1459       2.5931
    1460       2.5441
    1461       2.5795
    1462       2.6122
    1463       2.5592
    1464       2.7055
    1465       2.6274
    1466       2.5271
    1467       2.6494
    1468       2.4935
    1469       2.6133
    1470       2.6166
    1471       2.6177
    1472       2.5742
    1473       2.6103
    1474       2.7398
    1475       2.7615
    1476       2.8550
    1477       2.9147
    1478       2.6820
    1479       2.6510
    1480       2.5887
    1481       2.6490
    1482       2.6757
    1483       2.5666
    1484       2.5562
    1485       2.5793
    1486       2.5773
    1487       2.6336
    1488       2.6809
    1489       2.7226
    1490       2.5970
    1491       2.6094
    1492       2.7060
    1493       2.5896
    1494       2.5670
    1495       2.5242
    1496       2.4635
    1497       2.4700
    1498       2.5028
    1499       2.5433
    1500       2.5113
    1501       2.6139
    1502       2.5694
    1503       2.5925
    1504       2.4126
    1505       2.5095
    1506       2.4459
    1507       2.5682
    1508       2.4862
    1509       2.6164
    1510       2.4690
    1511       2.3600
    1512       2.3416
    1513       2.5053
    1514       2.4283
    1515       2.4264
    1516       2.3991
    1517       2.4997
    1518       2.5268
    1519       2.5742
    1520       2.4525
    1521       2.3108
    1522       2.4176
    1523       2.4619
    1524       2.2713
    1525       2.3258
    1526       2.3322
    1527       2.3208
    1528       2.2634
    1529       2.2548
    1530       2.3996
    1531       2.2954
    1532       2.3597
    1533       2.2565
    1534       2.2483
    1535       2.3793
    1536       2.4154
    1537       2.3240
    1538       2.4222
    1539       2.3570
    1540       2.3382
    1541       2.1930
    1542       2.3636
    1543       2.3995
    1544       2.4021
    1545       2.3774
    1546       2.3880
    1547       2.5278
    1548       2.5632
    1549       2.4195
    1550       2.4545
    1551       2.5215
    1552       2.4660
    1553       2.4980
    1554       2.4714
    1555       2.4190
    1556       2.3556
    1557       2.5057
    1558       2.3672
    1559       2.4543
    1560       2.4109
    1561       2.3937
    1562       2.3554
    1563       2.4519
    1564       2.4173
    1565       2.3230
    1566       2.4323
    1567       2.3225
    1568       2.5108
    1569       2.4717
    1570       2.3827
    1571       2.3602
    1572       2.3816
    1573       2.3331
    1574       2.3883
    1575       2.3870
    1576       2.3677
    1577       2.2378
    1578       2.2996
    1579       2.3927
    1580       2.3325
    1581       2.4031
    1582       2.3085
    1583       2.3440
    1584       2.2389
    1585       2.3822
    1586       2.4109
    1587       2.2940
    1588       2.4893
    1589       2.3953
    1590       2.3912
    1591       2.4758
    1592       2.3997
    1593       2.4151
    1594       2.3773
    1595       2.3620
    1596       2.3562
    1597       2.3916
    1598       2.3811
    1599       2.3422
    1600       2.3415
    1601       2.2541
    1602       2.2486
    1603       2.4336
    1604       2.4695
    1605       2.4151
    1606       2.4722
    1607       2.3482
    1608       2.3765
    1609       2.4829
    1610       2.5150
    1611       2.3701
    1612       2.3751
    1613       2.3630
    1614       2.2808
    1615       2.4564
    1616       2.4248
    1617       2.4084
    1618       2.4363
    1619       2.3525
    1620       2.3787
    1621       2.4311
    1622       2.4797
    1623       2.5153
    1624       2.5170
    1625       2.4893
    1626       2.5616
    1627       2.4827
    1628       2.4401
    1629       2.4139
    1630       2.4579
    1631       2.3796
    1632       2.4084
    1633       2.3779
    1634       2.5537
    1635       2.4935
    1636       2.4304
    1637       2.4783
    1638       2.3927
    1639       2.5222
    1640       2.5259
    1641       2.6320
    1642       2.5885
    1643       2.4946
    1644       2.5039
    1645       2.4841
    1646       2.5391
    1647       2.4170
    1648       2.4930
    1649       2.4612
    1650       2.5256
    1651       2.5826
    1652       2.5060
    1653       2.4657
    1654       2.5250
    1655       2.4857
    1656       2.4631
    1657       2.4914
    1658       2.4431
    1659       2.5080
    1660       2.4929
    1661       2.4977
    1662       2.5505
    1663       2.5816
    1664       2.6225
    1665       2.5621
    1666       2.4802
    1667       2.5665
    1668       2.5199
    1669       2.5106
    1670       2.6017
    1671       2.5709
    1672       2.6229
    1673       2.6207
    1674       2.5653
    1675       2.5531
    1676       2.6194
    1677       2.4643
    1678       2.4859
    1679       2.5532
    1680       2.5645
    1681       2.5582
    1682       2.5701
    1683       2.5892
    1684       2.5642
    1685       2.5943
    1686       2.6935
    1687       2.6036
    1688       2.6712
    1689       2.5730
    1690       2.7039
    1691       2.6334
    1692       2.5955
    1693       2.4993
    1694       2.5928
    1695       2.5505
    1696       2.5947
    1697       2.5311
    1698       2.6392
    1699       2.6956
    1700       2.6274
    1701       2.6140
    1702       2.5829
    1703       2.5382
    1704       2.4901
    1705       2.5913
    1706       2.4974
    1707       2.5189
    1708       2.6548
    1709       2.6295
    1710       2.5314
    1711       2.5296
    1712       2.5944
    1713       2.5640
    1714       2.4450
    1715       2.4945
    1716       2.5128
    1717       2.4525
    1718       2.4153
    1719       2.5045
    1720       2.5194
    1721       2.4395
    1722       2.5213
    1723       2.5015
    1724       2.5228
    1725       2.5143
    1726       2.6030
    1727       2.5177
    1728       2.5816
    1729       2.4428
    1730       2.5191
    1731       2.4192
    1732       2.4802
    1733       2.5735
    1734       2.5852
    1735       2.5575
    1736       2.4344
    1737       2.5287
    1738       2.5480
    1739       2.5124
    1740       2.6393
    1741       2.5226
    1742       2.6184
    1743       2.5453
    1744       2.4330
    1745       2.5390
    1746       2.4605
    1747       2.5863
    1748       2.4776
    1749       2.4498
    1750       2.5420
    1751       2.5420
    1752       2.5016
    1753       2.6499
    1754       2.5577
    1755       2.4856
    1756       2.7350
    1757       2.6018
    1758       2.5890
    1759       2.6555
    1760       2.5278
    1761       2.5591
    1762       2.5377
    1763       2.5158
    1764       2.6549
    1765       2.5545
    1766       2.5992
    1767       2.5695
    1768       2.5352
    1769       2.5026
    1770       2.5599
    1771       2.4513
    1772       2.6001
    1773       2.6277
    1774       2.5989
    1775       2.5347
    1776       2.5409
    1777       2.6266
    1778       2.7263
    1779       2.5730
    1780       2.5543
    1781       2.5900
    1782       2.6329
    1783       2.6130
    1784       2.6577
    1785       2.6180
    1786       2.7250
    1787       2.5924
    1788       2.6076
    1789       2.5812
    1790       2.6559
    1791       2.7039
    1792       2.6327
    1793       2.7301
    1794       2.6523
    1795       2.7580
    1796       2.6702
    1797       2.5956
    1798       2.5712
    1799       2.6257
    1800       2.5997
    1801       2.6255
    1802       2.6865
    1803       2.6581
    1804       2.7241
    1805       2.6655
    1806       2.6099
    1807       2.6209
    1808       2.5881
    1809       2.6845
    1810       2.5309
    1811       2.4867
    1812       2.5971
    1813       2.6154
    1814       2.6013
    1815       2.5696
    1816       2.5890
    1817       2.6662
    1818       2.6215
    1819       2.6601
    1820       2.5812
    1821       2.6888
    1822       2.5805
    1823       2.5437
    1824       2.6017
    1825       2.6083
    1826       2.5560
    1827       2.5433
    1828       2.6750
    1829       2.6664
    1830       2.6532
    1831       2.6296
    1832       2.6460
    1833       2.7210
    1834       2.6449
    1835       2.5743
    1836       2.5015
    1837       2.5743
    1838       2.6628
    1839       2.6398
    1840       2.6112
    1841       2.6018
    1842       2.5575
    1843       2.5960
    1844       2.6059
    1845       2.5495
    1846       2.6126
    1847       2.6372
    1848       2.6407
    1849       2.6125
    1850       2.6508
    1851       2.6629
    1852       2.6917
    1853       2.7002
    1854       2.7402
    1855       2.7394
    1856       2.7813
    1857       2.6106
    1858       2.6876
    1859       2.6545
    1860       2.6681
    1861       2.7396
    1862       2.6596
    1863       2.6276
    1864       2.6597
    1865       2.7098
    1866       2.6390
    1867       2.7602
    1868       2.6740
    1869       2.6933
    1870       2.6682
    1871       2.5387
    1872       2.5515
    1873       2.6326
    1874       2.7364
    1875       2.7265
    1876       2.6924
    1877       2.7050
    1878       2.6164
    1879       2.6133
    1880       2.5433
    1881       2.6127
    1882       2.5634
    1883       2.5791
    1884       2.6109
    1885       2.4966
    1886       2.4577
    1887       2.5081
    1888       2.6276
    1889       2.6117
    1890       2.5986
    1891       2.6017
    1892       2.5733
    1893       2.4714
    1894       2.4947
    1895       2.6578
    1896       2.6473
    1897       2.5542
    1898       2.6324
    1899       2.5774
    1900       2.6053
    1901       2.6046
    1902       2.7242
    1903       2.5631
    1904       2.5141
    1905       2.5375
    1906       2.5044
    1907       2.6746
    1908       2.5030
    1909       2.6888
    1910       2.7166
    1911       2.6647
    1912       2.8337
    1913       2.7658
    1914       2.8143
    1915       2.7873
    1916       2.6873
    1917       2.7160
    1918       2.7125
    1919       2.6984
    1920       2.7513
    1921       2.6535
    1922       2.6491
    1923       2.7017
    1924       2.6672
    1925       2.6294
    1926       2.6130
    1927       2.7934
    1928       2.7619
    1929       2.7303
    1930       2.7102
    1931       2.6735
    1932       2.5883
    1933       2.5113
    1934       2.5342
    1935       2.6518
    1936       2.6292
    1937       2.6690
    1938       2.6298
    1939       2.6079
    1940       2.5704
    1941       2.6435
    1942       2.6242
    1943       2.6536
    1944       2.6143
    1945       2.6921
    1946       2.7078
    1947       2.6530
    1948       2.7262
    1949       2.6370
    1950       2.6646
    1951       2.6842
    1952       2.6285
    1953       2.6790
    1954       2.5613
    1955       2.6728
    1956       2.5526
    1957       2.6662
    1958       2.5745
    1959       2.6807
    1960       2.6540
    1961       2.5424
    1962       2.6413
    1963       2.6600
    1964       2.5989
    1965       2.6274
    1966       2.6741
    1967       2.6897
    1968       2.7304
    1969       2.7390
    1970       2.6971
    1971       2.7491
    1972       2.7535
    1973       2.7669
    1974       2.6417
    1975       2.6509
    1976       2.6946
    1977       2.6455
    1978       2.6773
    1979       2.6337
    1980       2.6142
    1981       2.6882
    1982       2.7057
    1983       2.6992
    1984       2.6692
    1985       2.6840
    1986       2.7429
    1987       2.7003
    1988       2.7096
    1989       2.6638
    1990       2.6176
    1991       2.5902
    1992       2.6454
    1993       2.6421
    1994       2.5840
    1995       2.7245
    1996       2.6465
    1997       2.7758
    1998       2.6175
    1999       2.6987
    2000       2.7361
    2001       2.7345
    2002       2.6146
    2003       2.6709
    2004       2.6974
    2005       2.7961
    2006       2.7572
    2007       2.6580
    2008       2.6788
    2009       2.7640
    2010       2.8276
    2011       2.7167
    2012       2.7868
    2013       2.7408
    2014       2.6941
    2015       2.6153
    2016       2.6570
    2017       2.8824
    2018       2.7268
    2019       2.8018
    2020       2.8259
    2021       2.7748
    2022       2.7653
    2023       2.8334
    2024       2.7265
    2025       2.8234
    2026       2.7738
    2027       2.6715
    2028       2.7702
    2029       2.7116
    2030       2.6803
    2031       2.7560
    2032       2.7034
    2033       2.8221
    2034       2.6445
    2035       2.6948
    2036       2.7192
    2037       2.8211
    2038       2.7487
    2039       2.7621
    2040       2.7685
    2041       2.7888
    2042       2.8348
    2043       2.6825
    2044       2.8312
    2045       2.8473
    2046       2.8324
    2047       2.8627
    2048       2.8396
    2049       2.8850
    2050       2.9811
    2051       3.0334
    2052       2.8285
    2053       2.9213
    2054       2.8416
    2055       2.9255
    2056       2.7681
    2057       2.8356
    2058       2.8374
    2059       2.9147
    2060       2.8191
    2061       2.8437
    2062       2.7835
    2063       2.8361
    2064       2.8190
    2065       2.7535
    2066       2.8713
    2067       2.7450
    2068       2.7955
    2069       2.7275
    2070       2.7437
    2071       2.8125
    2072       2.6989
    2073       2.6679
    2074       2.8172
    2075       2.7238
    2076       2.7279
    2077       2.8055
    2078       2.7477
    2079       2.7448
    2080       2.6913
    2081       2.7441
    2082       2.6915
    2083       2.7108
    2084       2.6695
    2085       2.6571
    2086       2.8004
    2087       2.7920
    2088       2.7178
    2089       2.8486
    2090       2.7554
    2091       2.9224
    2092       2.7440
    2093       2.8555
    2094       2.8224
    2095       2.7406
    2096       2.7987
    2097       2.7255
    2098       2.8213
    2099       2.7836
    2100       2.6981
    2101       2.8301
    2102       2.8401
    2103       2.8455
    2104       2.8332
    2105       2.8314
    2106       2.7952
    2107       2.7741
    2108       2.7490
    2109       2.9116
    2110       2.7276
    2111       2.7641
    2112       2.7331
    2113       2.7762
    2114       2.6819
    2115       2.7249
    2116       2.9118
    2117       2.7612
    2118       2.5914
    2119       2.6930
    2120       2.7231
    2121       2.7021
    2122       2.6060
    2123       2.6553
    2124       2.7372
    2125       2.6634
    2126       2.6999
    2127       2.6885
    2128       2.6901
    2129       2.6952
    2130       2.7576
    2131       2.7767
    2132       2.7326
    2133       2.7820
    2134       2.8069
    2135       2.7939
    2136       2.7321
    2137       2.8179
    2138       2.7972
    2139       2.7914
    2140       2.7561
    2141       2.7417
    2142       2.6934
    2143       2.7047
    2144       2.6916
    2145       2.7966
    2146       2.7808
    2147       2.7760
    2148       2.8012
    2149       2.8760
    2150       2.9338
    2151       2.7726
    2152       2.8030
    2153       2.7936
    2154       2.6862
    2155       2.7375
    2156       2.7292
    2157       2.6631
    2158       2.7601
    2159       2.8277
    2160       2.7609
    2161       2.7895
    2162       2.7431
    2163       2.7757
    2164       2.7398
    2165       2.7145
    2166       2.7162
    2167       2.6800
    2168       2.7661
    2169       2.7480
    2170       2.7117
    2171       2.8001
    2172       2.7033
    2173       2.6612
    2174       2.6455
    2175       2.6590
    2176       2.7333
    2177       2.7623
    2178       2.6754
    2179       2.6768
    2180       2.6574
    2181       2.6739
    2182       2.7000
    2183       2.7631
    2184       2.6994
    2185       2.6928
    2186       2.6741
    2187       2.7515
    2188       2.6857
    2189       2.7412
    2190       2.7008
    2191       2.7512
    2192       2.7968
    2193       2.8156
    2194       2.7318
    2195       2.7128
    2196       2.7775
    2197       2.7863
    2198       2.7018
    2199       2.8680
    2200       2.7416
    2201       2.7557
    2202       2.7236
    2203       2.8626
    2204       2.7863
    2205       2.8062
    2206       2.8420
    2207       2.8466
    2208       2.7506
    2209       2.7624
    2210       2.8669
    2211       2.8033
    2212       2.7208
    2213       2.6662
    2214       2.6013
    2215       2.7633
    2216       2.7343
    2217       2.6514
    2218       2.7509
    2219       2.6944
    2220       2.7838
    2221       2.7164
    2222       2.7022
    2223       2.7608
    2224       2.7510
    2225       2.7197
    2226       2.6823
    2227       2.7529
    2228       2.7303
    2229       2.7553
    2230       2.6624
    2231       2.6830
    2232       2.6585
    2233       2.6764
    2234       2.7789
    2235       2.7423
    2236       2.6217
    2237       2.7206
    2238       2.7018
    2239       2.7611
    2240       2.7778
    2241       2.7017
    2242       2.7199
    2243       2.7710
    2244       2.6962
    2245       2.7368
    2246       2.6922
    2247       2.7510
    2248       2.7738
    2249       2.6084
    2250       2.5983
    2251       2.6885
    2252       2.5820
    2253       2.7505
    2254       2.7263
    2255       2.6790
    2256       2.7336
    2257       2.7795
    2258       2.7536
    2259       2.7099
    2260       2.7431
    2261       2.8241
    2262       2.8208
    2263       2.9369
    2264       2.7388
    2265       2.7340
    2266       2.8107
    2267       2.6714
    2268       2.8317
    2269       2.5766
    2270       2.6492
    2271       2.7738
    2272       2.7824
    2273       2.6567
    2274       2.6598
    2275       2.6760
    2276       2.8208
    2277       2.7446
    2278       2.8775
    2279       2.8189
    2280       2.7576
    2281       2.7408
    2282       2.8103
    2283       2.8587
    2284       2.8282
    2285       2.8175
    2286       2.8210
    2287       2.8162
    2288       2.7812
    2289       2.8159
    2290       2.8533
    2291       2.7194
    2292       2.7638
    2293       2.7086
    2294       2.8278
    2295       2.8311
    2296       2.7953
    2297       2.8299
    2298       2.7706
    2299       2.7786
    2300       2.7142
    2301       2.7458
    2302       2.7497
    2303       2.7223
    2304       2.7416
    2305       2.6908
    2306       2.8038
    2307       2.8061
    2308       2.7892
    2309       2.7442
    2310       2.7059
    2311       2.8327
    2312       2.7840
    2313       2.8359
    2314       2.7835
    2315       2.8899
    2316       2.7928
    2317       2.7750
    2318       2.7685
    2319       2.7919
    2320       2.9428
    2321       2.7426
    2322       2.8374
    2323       2.8272
    2324       2.6848
    2325       2.7157
    2326       2.7612
    2327       2.7159
    2328       2.6779
    2329       2.6601
    2330       2.5882
    2331       2.6034
    2332       2.6852
    2333       2.6439
    2334       2.6184
    2335       2.6647
    2336       2.7305
    2337       2.6749
    2338       2.7099
    2339       2.6953
    2340       2.6643
    2341       2.7562
    2342       2.7127
    2343       2.6583
    2344       2.7789
    2345       2.6334
    2346       2.6471
    2347       2.7723
    2348       2.8007
    2349       2.7091
    2350       2.6931
    2351       2.6381
    2352       2.7239
    2353       2.6108
    2354       2.6950
    2355       2.7321
    2356       2.6857
    2357       2.6735
    2358       2.7719
    2359       2.8586
    2360       2.6346
    2361       2.6076
    2362       2.7856
    2363       2.6637
    2364       2.6403
    2365       2.6675
    2366       2.6813
    2367       2.7000
    2368       2.7150
    2369       2.6985
    2370       2.6223
    2371       2.7494
    2372       2.7560
    2373       2.6355
    2374       2.7878
    2375       2.8097
    2376       2.7455
    2377       2.6985
    2378       2.6694
    2379       2.7145
    2380       2.7128
    2381       2.7262
    2382       2.7316
    2383       2.7897
    2384       2.7801
    2385       2.7572
    2386       2.7239
    2387       2.7620
    2388       2.7214
    2389       2.7159
    2390       2.6639
    2391       2.7742
    2392       2.7316
    2393       2.7790
    2394       2.8819
    2395       2.8373
    2396       2.6687
    2397       2.7709
    2398       2.7334
    2399       2.6980
    2400       2.7299
    2401       2.6724
    2402       2.7665
    2403       2.6306
    2404       2.7698
    2405       2.6922
    2406       2.7364
    2407       2.7054
    2408       2.7484
    2409       2.6780
    2410       2.7177
    2411       2.7184
    2412       2.6956
    2413       2.8143
    2414       2.8031
    2415       2.8892
    2416       2.7387
    2417       2.7538
    2418       2.6498
    2419       2.6973
    2420       2.6256
    2421       2.6487
    2422       2.6642
    2423       2.6442
    2424       2.6825
    2425       2.7940
    2426       2.7352
    2427       2.7643
    2428       2.7223
    2429       2.7549
    2430       2.6387
    2431       2.7563
    2432       2.7702
    2433       2.7865
    2434       2.6367
    2435       2.7904
    2436       2.7620
    2437       2.7200
    2438       2.8277
    2439       2.7348
    2440       2.7385
    2441       2.7310
    2442       2.9250
    2443       2.7481
    2444       2.6941
    2445       2.7888
    2446       2.7492
    2447       2.7584
    2448       2.7294
    2449       2.7864
    2450       2.6826
    2451       2.8338
    2452       2.8539
    2453       2.7478
    2454       2.7427
    2455       2.7937
    2456       2.7742
    2457       2.7655
    2458       2.7799
    2459       2.7238
    2460       2.6920
    2461       2.8072
    2462       2.7676
    2463       2.8171
    2464       2.7823
    2465       2.7999
    2466       2.7428
    2467       2.9323
    2468       2.9205
    2469       2.8755
    2470       2.9270
    2471       2.8617
    2472       2.8903
    2473       2.8129
    2474       2.8371
    2475       2.8385
    2476       2.8337
    2477       2.9079
    2478       2.8398
    2479       2.7994
    2480       2.8480
    2481       2.7183
    2482       2.7883
    2483       2.6836
    2484       2.7438
    2485       2.7783
    2486       2.7003
    2487       2.8375
    2488       2.7158
    2489       2.8206
    2490       2.8719
    2491       2.8318
    2492       2.7840
    2493       2.8613
    2494       2.7453
    2495       2.7858
    2496       2.7524
    2497       2.8327
    2498       2.8413
    2499       2.7824
    2500       2.9029
    2501       2.8325
    2502       2.8077
    2503       2.9592
    2504       2.8176
    2505       2.8410
    2506       2.9031
    2507       2.9161
    2508       2.7906
    2509       2.8704
    2510       2.7634
    2511       2.6456
    2512       2.6773
    2513       2.9876
    2514       2.8884
    2515       2.8887
    2516       2.8958
    2517       2.8319
    2518       2.6538
    2519       2.7664
    2520       2.7695
    2521       2.7277
    2522       2.8713
    2523       2.7494
    2524       2.8070
    2525       2.8464
    2526       2.7620
    2527       2.8046
    2528       2.7454
    2529       2.8184
    2530       2.8178
    2531       2.8469
    2532       2.7948
    2533       2.8890
    2534       2.7774
    2535       2.7341
    2536       2.6956
    2537       2.8857
    2538       2.7821
    2539       2.7745
    2540       2.7246
    2541       2.7572
    2542       2.6542
    2543       2.6259
    2544       2.6152
    2545       2.7069
    2546       2.8255
    2547       2.7659
    2548       2.8677
    2549       2.6882
    2550       2.7702
    2551       2.7588
    2552       2.8161
    2553       2.7898
    2554       2.7987
    2555       2.8256
    2556       2.7967
    2557       2.7684
    2558       2.7544
    2559       2.8414
    2560       2.9195
    2561       2.9409
    2562       2.9226
    2563       2.8186
    2564       2.8806
    2565       2.8539
    2566       2.8193
    2567       2.8814
    2568       2.9261
    2569       2.8500
    2570       2.7745
    2571       2.7649
    2572       2.8070
    2573       2.8166
    2574       2.8618
    2575       2.7767
    2576       2.7774
    2577       2.7374
    2578       2.7352
    2579       2.7234
    2580       2.7235
    2581       2.7503
    2582       2.7366
    2583       2.7682
    2584       2.7309
    2585       2.8709
    2586       2.8082
    2587       2.7792
    2588       2.7936
    2589       2.8210
    2590       2.9134
    2591       2.8277
    2592       2.7987
    2593       2.6930
    2594       2.7996
    2595       2.7728
    2596       2.8869
    2597       2.7528
    2598       2.8211
    2599       2.9121
    2600       2.9165
    2601       2.9306
    2602       2.7819
    2603       2.7536
    2604       2.7936
    2605       2.6832
    2606       2.7699
    2607       2.8703
    2608       2.7100
    2609       2.7853
    2610       2.7965
    2611       2.7837
    2612       2.7887
    2613       2.7761
    2614       2.8185
    2615       2.8185
    2616       2.7710
    2617       2.8522
    2618       2.8084
    2619       2.8724
    2620       2.9389
    2621       2.9615
    2622       2.8294
    2623       2.8931
    2624       2.9561
    2625       3.0474
    2626       2.9007
    2627       2.8480
    2628       2.8756
    2629       2.8568
    2630       2.8641
    2631       2.8339
    2632       2.9839
    2633       2.8889
    2634       2.8777
    2635       2.8310
    2636       2.8388
    2637       2.9021
    2638       2.7595
    2639       2.8328
    2640       2.7874
    2641       2.7364
    2642       2.7029
    2643       2.7517
    2644       2.6935
    2645       2.7036
    2646       2.7422
    2647       2.7836
    2648       2.7192
    2649       2.7485
    2650       2.7863
    2651       2.8091
    2652       2.7329
    2653       2.7475
    2654       2.6944
    2655       2.6010
    2656       2.6359
    2657       2.5220
    2658       2.6414
    2659       2.6048
    2660       2.6399
    2661       2.6251
    2662       2.5554
    2663       2.6060
    2664       2.5683
    2665       2.6517
    2666       2.6322
    2667       2.7192
    2668       2.7198
    2669       2.6594
    2670       2.6979
    2671       2.7038
    2672       2.7705
    2673       2.6975
    2674       2.7942
    2675       2.8162
    2676       2.7803
    2677       2.7181
    2678       2.7882
    2679       2.7369
    2680       2.7837
    2681       3.0425
    2682       2.7081
    2683       2.7081
    2684       2.7508
    2685       2.7569
    2686       2.7844
    2687       2.7297
    2688       2.7009
    2689       2.7154
    2690       2.8125
    2691       2.6401
    2692       2.6777
    2693       2.7490
    2694       2.6650
    2695       2.6725
    2696       2.6964
    2697       2.7637
    2698       2.8541
    2699       2.7362
    2700       2.6945
    2701       2.7105
    2702       2.8175
    2703       2.7899
    2704       2.8444
    2705       2.8136
    2706       2.8249
    2707       2.7014
    2708       2.7556
    2709       2.7793
    2710       2.6816
    2711       2.7581
    2712       2.7379
    2713       2.8221
    2714       2.8458
    2715       2.7795
    2716       2.8124
    2717       2.8449
    2718       2.7245
    2719       2.7781
    2720       2.7580
    2721       2.8087
    2722       2.7879
    2723       2.7692
    2724       2.7203
    2725       2.5384
    2726       2.6159
    2727       2.5935
    2728       2.6498
    2729       2.7327
    2730       2.6638
    2731       2.6186
    2732       2.6561
    2733       2.6700
    2734       2.6647
    2735       2.6514
    2736       2.6098
    2737       2.6812
    2738       2.5706
    2739       2.6693
    2740       2.6333
    2741       2.5801
    2742       2.6625
    2743       2.6129
    2744       2.6206
    2745       2.5327
    2746       2.6334
    2747       2.6676
    2748       2.6125
    2749       2.7246
    2750       2.6867
    2751       2.6558
    2752       2.7169
    2753       2.6380
    2754       2.7419
    2755       2.6691
    2756       2.7279
    2757       2.7349
    2758       2.6492
    2759       2.6903
    2760       2.6509
    2761       2.7033
    2762       2.6124
    2763       2.6629
    2764       2.7311
    2765       2.7419
    2766       2.6974
    2767       2.6374
    2768       2.5960
    2769       2.6979
    2770       2.7273
    2771       2.6892
    2772       2.7078
    2773       2.6489
    2774       2.5493
    2775       2.7151
    2776       2.6563
    2777       2.6482
    2778       2.7286
    2779       2.7055
    2780       2.7239
    2781       2.8351
    2782       2.7938
    2783       2.6985
    2784       2.7262
    2785       2.6912
    2786       2.6600
    2787       2.6032
    2788       2.7251
    2789       2.7135
    2790       2.7026
    2791       2.7388
    2792       2.7050
    2793       2.7313
    2794       2.7723
    2795       2.7064
    2796       2.7202
    2797       2.7021
    2798       2.5828
    2799       2.6459
    2800       2.6357
    2801       2.6523
    2802       2.7432
    2803       2.6610
    2804       2.6847
    2805       2.6558
    2806       2.6778
    2807       2.7022
    2808       2.6554
    2809       2.7538
    2810       2.7021
    2811       2.7014
    2812       2.7876
    2813       2.6570
    2814       2.6371
    2815       2.5702
    2816       2.6003
    2817       2.7492
    2818       2.6936
    2819       2.7369
    2820       2.7925
    2821       2.7244
    2822       2.7035
    2823       2.6779
    2824       2.6886
    2825       2.6584
    2826       2.6609
    2827       2.6821
    2828       2.5868
    2829       2.6458
    2830       2.6872
    2831       2.7519
    2832       2.7149
    2833       2.7439
    2834       2.7584
    2835       2.7600
    2836       2.7137
    2837       2.7221
    2838       2.7969
    2839       2.7374
    2840       2.6805
    2841       2.6901
    2842       2.7178
    2843       2.6372
    2844       2.7153
    2845       2.6133
    2846       2.6854
    2847       2.6967
    2848       2.5878
    2849       2.6628
    2850       2.6245
    2851       2.6606
    2852       2.6741
    2853       2.7429
    2854       2.6600
    2855       2.5900
    2856       2.6354
    2857       2.6612
    2858       2.5772
    2859       2.6835
    2860       2.5255
    2861       2.6938
    2862       2.5410
    2863       2.5990
    2864       2.6649
    2865       2.6596
    2866       2.7336
    2867       2.7028
    2868       2.7447
    2869       2.6438
    2870       2.5695
    2871       2.6491
    2872       2.6668
    2873       2.6118
    2874       2.5450
    2875       2.5349
    2876       2.5786
    2877       2.6246
    2878       2.6392
    2879       2.6275
    2880       2.6182
    2881       2.6188
    2882       2.6158
    2883       2.5815
    2884       2.6825
    2885       2.6010
    2886       2.5726
    2887       2.5759
    2888       2.6071
    2889       2.5412
    2890       2.6129
    2891       2.5877
    2892       2.6039
    2893       2.5887
    2894       2.6181
    2895       2.6517
    2896       2.7037
    2897       2.5108
    2898       2.4997
    2899       2.5897
    2900       2.5412
    2901       2.5106
    2902       2.5567
    2903       2.5491
    2904       2.5344
    2905       2.6212
    2906       2.5202
    2907       2.6405
    2908       2.5670
    2909       2.6155
    2910       2.5640
    2911       2.5013
    2912       2.5237
    2913       2.5696
    2914       2.5592
    2915       2.6101
    2916       2.5297
    2917       2.6717
    2918       2.6156
    2919       2.5579
    2920       2.6470
    2921       2.6664
    2922       2.5958
    2923       2.6538
    2924       2.5697
    2925       2.6101
    2926       2.5421
    2927       2.4887
    2928       2.5447
    2929       2.5384
    2930       2.6512
    2931       2.6249
    2932       2.5072
    2933       2.6436
    2934       2.6373
    2935       2.6843
    2936       2.7429
    2937       2.7329
    2938       2.6169
    2939       2.6615
    2940       2.6550
    2941       2.5920
    2942       2.5592
    2943       2.6141
    2944       2.5887
    2945       2.6708
    2946       2.6559
    2947       2.6533
    2948       2.6315
    2949       2.6687
    2950       2.6168
    2951       2.6012
    2952       2.7212
    2953       2.6398
    2954       2.6909
    2955       2.6284
    2956       2.7372
    2957       2.7185
    2958       2.7235
    2959       2.6387
    2960       2.6875
    2961       2.6537
    2962       2.7270
    2963       2.6250
    2964       2.5608
    2965       2.5040
    2966       2.5939
    2967       2.5961
    2968       2.5884
    2969       2.5932
    2970       2.6035
    2971       2.5068
    2972       2.5287
    2973       2.6183
    2974       2.5627
    2975       2.5943
    2976       2.5523
    2977       2.6092
    2978       2.5458
    2979       2.5956
    2980       2.6280
    2981       2.6324
    2982       2.4985
    2983       2.5317
    2984       2.5701
    2985       2.6329
    2986       2.6167
    2987       2.7003
    2988       2.6658
    2989       2.7108
    2990       2.6418
    2991       2.7412
    2992       2.7881
    2993       2.6262
    2994       2.6034
    2995       2.5863
    2996       2.6483
    2997       2.6232
    2998       2.6246
    2999       2.7016
    3000       2.6775
    3001       2.6941
    3002       2.5867
    3003       2.5137
    3004       2.5769
    3005       2.6311
    3006       2.6009
    3007       2.5866
    3008       2.6425
    3009       2.6732
    3010       2.6497
    3011       2.6670
    3012       2.7325
    3013       2.6689
    3014       2.7362
    3015       2.7130
    3016       2.6925
    3017       2.6549
    3018       2.6671
    3019       2.6169
    3020       2.5494
    3021       2.4530
    3022       2.5577
    3023       2.5691
    3024       2.5610
    3025       2.5020
    3026       2.6357
    3027       2.6088
    3028       2.6668
    3029       2.6031
    3030       2.5901
    3031       2.5983
    3032       2.6879
    3033       2.6961
    3034       2.6597
    3035       2.5860
    3036       2.6137
    3037       2.6010
    3038       2.6433
    3039       2.6425
    3040       2.7283
    3041       2.5722
    3042       2.5843
    3043       2.6677
    3044       2.6422
    3045       2.5496
    3046       2.6315
    3047       2.6856
    3048       2.7013
    3049       2.6359
    3050       2.5506
    3051       2.5831
    3052       2.5637
    3053       2.5536
    3054       2.6790
    3055       2.6463
    3056       2.6013
    3057       2.6712
    3058       2.6311
    3059       2.6555
    3060       2.6629
    3061       2.5375
    3062       2.5807
    3063       2.6294
    3064       2.6383
    3065       2.6311
    3066       2.5853
    3067       2.5940
    3068       2.6629
    3069       2.6856
    3070       2.6073
    3071       2.6003
    3072       2.6389
    3073       2.5529
    3074       2.6696
    3075       2.5445
    3076       2.6350
    3077       2.5759
    3078       2.4539
    3079       2.5575
    3080       2.5486
    3081       2.6414
    3082       2.6614
    3083       2.6670
    3084       2.6886
    3085       2.6324
    3086       2.6308
    3087       2.5615
    3088       2.5899
    3089       2.5318
    3090       2.5294
    3091       2.6320
    3092       2.5293
    3093       2.5002
    3094       2.5749
    3095       2.6176
    3096       2.4547
    3097       2.5306
    3098       2.5885
    3099       2.5395
    3100       2.6250
    3101       2.5293
    3102       2.6341
    3103       2.5439
    3104       2.6421
    3105       2.5831
    3106       2.5723
    3107       2.5151
    3108       2.5144
    3109       2.5334
    3110       2.5043
    3111       2.4983
    3112       2.6126
    3113       2.6535
    3114       2.6649
    3115       2.5974
    3116       2.5818
    3117       2.6140
    3118       2.5241
    3119       2.5464
    3120       2.6244
    3121       2.6364
    3122       2.6695
    3123       2.6846
    3124       2.6444
    3125       2.6547
    3126       2.5901
    3127       2.6311
    3128       2.6903
    3129       2.6175
    3130       2.6643
    3131       2.6393
    3132       2.7307
    3133       2.6896
    3134       2.6980
    3135       2.6927
    3136       2.6934
    3137       2.6637
    3138       2.5979
    3139       2.5192
    3140       2.6293
    3141       2.5805
    3142       2.6520
    3143       2.6778
    3144       2.7138
    3145       2.6019
    3146       2.7254
    3147       2.4970
    3148       2.5179
    3149       2.5106
    3150       2.5142
    3151       2.6125
    3152       2.5390
    3153       2.4745
    3154       2.4560
    3155       2.5723
    3156       2.6218
    3157       2.5960
    3158       2.5318
    3159       2.5254
    3160       2.5655
    3161       2.4734
    3162       2.6379
    3163       2.6347
    3164       2.6120
    3165       2.5606
    3166       2.5115
    3167       2.4993
    3168       2.6272
    3169       2.5737
    3170       2.6173
    3171       2.6961
    3172       2.6138
    3173       2.6362
    3174       2.7072
    3175       2.7785
    3176       2.7522
    3177       2.6953
    3178       2.7219
    3179       2.6688
    3180       2.6242
    3181       2.6145
    3182       2.5967
    3183       2.5087
    3184       2.5253
    3185       2.5300
    3186       2.5315
    3187       2.5771
    3188       2.5900
    3189       2.5606
    3190       2.5103
    3191       2.5638
    3192       2.3935
    3193       2.5563
    3194       2.4936
    3195       2.5312
    3196       2.5585
    3197       2.5565
    3198       2.6241
    3199       2.4839
    3200       2.4487
    3201       2.5733
    3202       2.6180
    3203       2.5292
    3204       2.5319
    3205       2.5025
    3206       2.5228
    3207       2.5483
    3208       2.5084
    3209       2.5150
    3210       2.4681
    3211       2.5581
    3212       2.6190
    3213       2.5808
    3214       2.4425
    3215       2.4952
    3216       2.5245
    3217       2.4455
    3218       2.5861
    3219       2.4515
    3220       2.4774
    3221       2.5370
    3222       2.4654
    3223       2.4766
    3224       2.5371
    3225       2.5100
    3226       2.4635
    3227       2.4217
    3228       2.5434
    3229       2.6072
    3230       2.6318
    3231       2.5729
    3232       2.5570
    3233       2.5284
    3234       2.5725
    3235       2.7215
    3236       2.7216
    3237       2.6627
    3238       2.6075
    3239       2.7354
    3240       2.5666
    3241       2.5650
    3242       2.6394
    3243       2.5624
    3244       2.6050
    3245       2.6984
    3246       2.5233
    3247       2.4855
    3248       2.4341
    3249       2.4411
    3250       2.5583
    3251       2.5138
    3252       2.5143
    3253       2.5510
    3254       2.5891
    3255       2.6886
    3256       2.6522
    3257       2.6065
    3258       2.6176
    3259       2.6368
    3260       2.6410
    3261       2.7055
    3262       2.6414
    3263       2.7928
    3264       2.7792
    3265       2.8782
    3266       2.7119
    3267       2.8576
    3268       2.7450
    3269       2.7840
    3270       2.7140
    3271       2.8190
    3272       2.6739
    3273       2.6219
    3274       2.6038
    3275       2.6458
    3276       2.6923
    3277       2.6073
    3278       2.6131
    3279       2.5834
    3280       2.6773
    3281       2.5954
    3282       2.7198
    3283       2.5941
    3284       2.5388
    3285       2.5582
    3286       2.6517
    3287       2.5696
    3288       2.7140
    3289       2.6397
    3290       2.7914
    3291       2.7174
    3292       2.6711
    3293       2.5219
    3294       2.6673
    3295       2.6847
    3296       2.7105
    3297       2.6877
    3298       2.6509
    3299       2.5964
    3300       2.6420
    3301       2.5829
    3302       2.4517
    3303       2.4562
    3304       2.5014
    3305       2.5398
    3306       2.5272
    3307       2.4896
    3308       2.5158
    3309       2.5160
    3310       2.5996
    3311       2.6024
    3312       2.5161
    3313       2.5573
    3314       2.5052
    3315       2.5827
    3316       2.5936
    3317       2.6894
    3318       2.6798
    3319       2.5881
    3320       2.5773
    3321       2.4796
    3322       2.5127
    3323       2.4895
    3324       2.5325
    3325       2.4968
    3326       2.5549
    3327       2.5585
    3328       2.4863
    3329       2.4846
    3330       2.6640
    3331       2.5619
    3332       2.5198
    3333       2.6362
    3334       2.5335
    3335       2.6113
    3336       2.5135
    3337       2.5579
    3338       2.5648
    3339       2.6602
    3340       2.4934
    3341       2.5191
    3342       2.5482
    3343       2.4952
    3344       2.4976
    3345       2.5548
    3346       2.4751
    3347       2.4323
    3348       2.4706
    3349       2.4282
    3350       2.4547
    3351       2.4492
    3352       2.4705
    3353       2.4375
    3354       2.4650
    3355       2.5869
    3356       2.4557
    3357       2.4763
    3358       2.4468
    3359       2.4432
    3360       2.4277
    3361       2.4552
    3362       2.5498
    3363       2.4819
    3364       2.4757
    3365       2.4698
    3366       2.4953
    3367       2.4179
    3368       2.5230
    3369       2.4706
    3370       2.5091
    3371       2.5612
    3372       2.5107
    3373       2.4044
    3374       2.4044
    3375       2.5514
    3376       2.4645
    3377       2.5280
    3378       2.5335
    3379       2.5106
    3380       2.6041
    3381       2.6289
    3382       2.5682
    3383       2.6138
    3384       2.5367
    3385       2.6355
    3386       2.6370
    3387       2.6292
    3388       2.5808
    3389       2.6715
    3390       2.6778
    3391       2.6930
    3392       2.7760
    3393       2.6795
    3394       2.6817
    3395       2.6978
    3396       2.6141
    3397       2.5999
    3398       2.6321
    3399       2.5981
    3400       2.5337
    3401       2.5559
    3402       2.5459
    3403       2.5631
    3404       2.6092
    3405       2.6654
    3406       2.6064
    3407       2.5854
    3408       2.6066
    3409       2.6221
    3410       2.5713
    3411       2.6200
    3412       2.6417
    3413       2.6974
    3414       2.6567
    3415       2.5767
    3416       2.5252
    3417       2.6709
    3418       2.6651
    3419       2.6289
    3420       2.6438
    3421       2.6687
    3422       2.7693
    3423       2.7219
    3424       2.7387
    3425       2.7048
    3426       2.7615
    3427       2.6655
    3428       2.5803
    3429       2.7023
    3430       2.6930
    3431       2.6934
    3432       2.7349
    3433       2.6520
    3434       2.6031
    3435       2.5044
    3436       2.6370
    3437       2.6287
    3438       2.6107
    3439       2.7357
    3440       2.7084
    3441       2.7137
    3442       2.7750
    3443       2.7761
    3444       2.8571
    3445       2.8057
    3446       2.7666
    3447       2.7020
    3448       2.6692
    3449       2.6928
    3450       2.7256
    3451       2.6938
    3452       2.6509
    3453       2.6290
    3454       2.7961
    3455       2.7660
    3456       2.7983
    3457       2.8006
    3458       2.7067
    3459       2.7772
    3460       2.6907
    3461       2.8204
    3462       2.7497
    3463       2.7719
    3464       2.7329
    3465       2.7269
    3466       2.7397
    3467       2.7724
    3468       2.7438
    3469       2.7928
    3470       2.8579
    3471       2.8001
    3472       2.6649
    3473       2.7518
    3474       2.7811
    3475       2.8123
    3476       2.7048
    3477       2.6562
    3478       2.7719
    3479       2.6421
    3480       2.6431
    3481       2.7138
    3482       2.6421
    3483       2.6468
    3484       2.6465
    3485       2.7342
    3486       2.6579
    3487       2.7727
    3488       2.6402
    3489       2.6545
    3490       2.6804
    3491       2.6710
    3492       2.6595
    3493       2.6616
    3494       2.6285
    3495       2.6566
    3496       2.6882
    3497       2.6336
    3498       2.6757
    3499       2.7084
    3500       2.6369
    3501       2.6110
    3502       2.6059
    3503       2.6564
    3504       2.6942
    3505       2.6257
    3506       2.5542
    3507       2.5079
    3508       2.5718
    3509       2.6061
    3510       2.6153
    3511       2.5339
    3512       2.5799
    3513       2.6943
    3514       2.6516
    3515       2.7040
    3516       2.7118
    3517       2.6616
    3518       2.6081
    3519       2.6142
    3520       2.6564
    3521       2.6936
    3522       2.6693
    3523       2.7991
    3524       2.6460
    3525       2.6260
    3526       2.5330
    3527       2.5835
    3528       2.5601
    3529       2.5511
    3530       2.5974
    3531       2.6746
    3532       2.6988
    3533       2.6506
    3534       2.6323
    3535       2.5993
    3536       2.6892
    3537       2.6903
    3538       2.5738
    3539       2.6558
    3540       2.5578
    3541       2.6626
    3542       2.6260
    3543       2.6226
    3544       2.5802
    3545       2.6317
    3546       2.6709
    3547       2.6287
    3548       2.6137
    3549       2.6114
    3550       2.7720
    3551       2.8391
    3552       2.7704
    3553       2.6966
    3554       2.6959
    3555       2.8280
    3556       2.6861
    3557       2.6789
    3558       2.7468
    3559       2.7492
    3560       2.6865
    3561       2.7001
    3562       2.8753
    3563       2.8324
    3564       2.8276
    3565       2.8165
    3566       2.8521
    3567       2.8261
    3568       2.7721
    3569       2.8461
    3570       2.7913
    3571       2.7598
    3572       2.8483
    3573       2.8078
    3574       2.7105
    3575       2.7847
    3576       2.6619
    3577       2.7724
    3578       2.8302
    3579       2.8240
    3580       2.6946
    3581       2.7477
    3582       2.7862
    3583       2.7849
    3584       2.7704
    3585       2.7462
    3586       2.8039
    3587       2.8464
    3588       2.7779
    3589       2.7648
    3590       2.7755
    3591       2.7479
    3592       2.7216
    3593       2.6678
    3594       2.6981
    3595       2.7540
    3596       2.6907
    3597       2.6297
    3598       2.6485
    3599       2.6693
    3600       2.6958
    3601       2.6333
    3602       2.7724
    3603       2.7262
    3604       2.7110
    3605       2.7028
    3606       2.6820
    3607       2.7427
    3608       2.6970
    3609       2.5830
    3610       2.6338
    3611       2.6952
    3612       2.5959
    3613       2.6049
    3614       2.7706
    3615       2.7062
    3616       2.8035
    3617       2.7260
    3618       2.7590
    3619       2.7894
    3620       2.7092
    3621       2.7395
    3622       2.8594
    3623       2.7415
    3624       2.6758
    3625       2.5970
    3626       2.6516
    3627       2.6539
    3628       2.7034
    3629       2.5054
    3630       2.5932
    3631       2.6422
    3632       2.5753
    3633       2.5095
    3634       2.5414
    3635       2.5072
    3636       2.5136
    3637       2.5061
    3638       2.5324
    3639       2.5153
    3640       2.5759
    3641       2.6159
    3642       2.7146
    3643       2.6105
    3644       2.6975
    3645       2.7440
    3646       2.5653
    3647       2.5979
    3648       2.5739
    3649       2.5663
    3650       2.6439
    3651       2.6145
    3652       2.7346
    3653       2.6573
    3654       2.6545
    3655       2.6289
    3656       2.7348
    3657       2.6210
    3658       2.6381
    3659       2.6438
    3660       2.7846
    3661       2.6454
    3662       2.7366
    3663       2.8078
    3664       2.6984
    3665       2.6664
    3666       2.6672
    3667       2.6321
    3668       2.6141
    3669       2.5685
    3670       2.5598
    3671       2.6682
    3672       2.6215
    3673       2.5879
    3674       2.6807
    3675       2.6022
    3676       2.6325
    3677       2.6430
    3678       2.7432
    3679       2.7148
    3680       2.6366
    3681       2.6620
    3682       2.7160
    3683       2.7257
    3684       2.6007
    3685       2.7208
    3686       2.6973
    3687       2.6124
    3688       2.6072
    3689       2.6424
    3690       2.6990
    3691       2.7152
    3692       2.5947
    3693       2.7832
    3694       2.6664
    3695       2.6603
    3696       2.6169
    3697       2.7167
    3698       2.8569
    3699       2.7696
    3700       2.8149
    3701       2.6979
    3702       2.8463
    3703       2.7921
    3704       2.8212
    3705       2.6711
    3706       2.7189
    3707       2.7061
    3708       2.7133
    3709       2.6546
    3710       2.7131
    3711       2.7640
    3712       2.7277
    3713       2.6800
    3714       2.6799
    3715       2.6735
    3716       2.6543
    3717       2.6277
    3718       2.7678
    3719       2.7112
    3720       2.8439
    3721       2.7747
    3722       2.8315
    3723       2.8077
    3724       2.7518
    3725       2.8988
    3726       2.9147
    3727       2.9624
    3728       2.8604
    3729       2.8767
    3730       2.8544
    3731       2.8421
    3732       2.8696
    3733       2.7957
    3734       2.8402
    3735       2.6898
    3736       2.7268
    3737       2.6474
    3738       2.6831
    3739       2.7825
    3740       2.7749
    3741       2.6860
    3742       2.6975
    3743       2.7116
    3744       2.8368
    3745       2.7274
    3746       2.6838
    3747       2.6871
    3748       2.6706
    3749       2.7869
    3750       2.6929
    3751       2.6624
    3752       2.7186
    3753       2.6424
    3754       2.6670
    3755       2.7304
    3756       2.6071
    3757       2.6204
    3758       2.6316
    3759       2.5971
    3760       2.6932
    3761       2.6467
    3762       2.8014
    3763       2.7731
    3764       2.6939
    3765       2.7540
    3766       2.6809
    3767       2.6828
    3768       2.6528
    3769       2.6660
    3770       2.7694
    3771       2.7925
    3772       2.7387
    3773       2.7293
    3774       2.7021
    3775       2.6535
    3776       2.5313
    3777       2.5367
    3778       2.6299
    3779       2.6811
    3780       2.6836
    3781       2.5880
    3782       2.7128
    3783       2.7097
    3784       2.7065
    3785       2.6146
    3786       2.6692
    3787       2.7018
    3788       2.6654
    3789       2.8360
    3790       2.8015
    3791       2.7712
    3792       2.7502
    3793       2.7311
    3794       2.6373
    3795       2.5863
    3796       2.7226
    3797       2.6171
    3798       2.6700
    3799       2.7668
    3800       2.6270
    3801       2.5961
    3802       2.5704
    3803       2.7072
    3804       2.6862
    3805       2.7362
    3806       2.7090
    3807       2.6201
    3808       2.7322
    3809       2.6699
    3810       2.7969
    3811       2.8152
    3812       2.7917
    3813       2.7309
    3814       2.7897
    3815       2.8424
    3816       2.8456
    3817       2.7100
    3818       2.7944
    3819       2.7313
    3820       2.7759
    3821       2.7975
    3822       2.7833
    3823       2.6523
    3824       2.5961
    3825       2.7457
    3826       2.6634
    3827       2.6971
    3828       2.6530
    3829       2.7314
    3830       2.5899
    3831       2.6915
    3832       2.7406
    3833       2.5986
    3834       2.7094
    3835       2.7130
    3836       2.6548
    3837       2.6842
    3838       2.7123
    3839       2.8104
    3840       2.8933
    3841       2.7754
    3842       2.7657
    3843       2.7431
    3844       2.7800
    3845       2.8311
    3846       2.7684
    3847       2.8826
    3848       2.7904
    3849       2.6977
    3850       2.7523
    3851       2.7651
    3852       2.8243
    3853       2.7413
    3854       2.8038
    3855       2.8798
    3856       2.8717
    3857       2.8289
    3858       2.7770
    3859       2.7523
    3860       2.7333
    3861       2.7251
    3862       2.6243
    3863       2.6604
    3864       2.6882
    3865       2.6541
    3866       2.6579
    3867       2.7257
    3868       2.6468
    3869       2.7148
    3870       2.7548
    3871       2.7147
    3872       2.8713
    3873       2.8195
    3874       2.7609
    3875       2.7384
    3876       2.7447
    3877       2.7790
    3878       2.6722
    3879       2.6853
    3880       2.6967
    3881       2.7015
    3882       2.6543
    3883       2.6962
    3884       2.7595
    3885       2.7603
    3886       2.7631
    3887       2.7406
    3888       2.7207
    3889       2.8049
    3890       2.8299
    3891       2.7710
    3892       2.9205
    3893       2.8925
    3894       2.8682
    3895       2.8832
    3896       2.8787
    3897       2.8170
    3898       2.8112
    3899       2.9120
    3900       2.8637
    3901       2.7408
    3902       2.7551
    3903       2.7829
    3904       2.7948
    3905       2.5622
    3906       2.5331
    3907       2.5818
    3908       2.6042
    3909       2.6745
    3910       2.6586
    3911       2.5662
    3912       2.7172
    3913       2.7438
    3914       2.7338
    3915       2.8135
    3916       2.9063
    3917       2.7156
    3918       2.6538
    3919       2.6973
    3920       2.7584
    3921       2.6734
    3922       2.6385
    3923       2.7866
    3924       2.7685
    3925       2.7391
    3926       2.6910
    3927       2.6868
    3928       2.6524
    3929       2.7462
    3930       2.8359
    3931       2.7818
    3932       2.8054
    3933       2.8316
    3934       2.7328
    3935       2.7316
    3936       2.6947
    3937       2.6971
    3938       2.7422
    3939       2.7998
    3940       2.7781
    3941       2.7447
    3942       2.8140
    3943       2.7667
    3944       2.7478
    3945       2.7193
    3946       2.7790
    3947       2.7732
    3948       2.7614
    3949       2.7265
    3950       2.8325
    3951       2.7533
    3952       2.7294
    3953       2.8821
    3954       2.9315
    3955       2.9295
    3956       2.9295
    3957       2.8986
    3958       2.9271
    3959       2.9665
    3960       2.8476
    3961       2.9606
    3962       2.8840
    3963       2.8813
    3964       2.8739
    3965       2.8573
    3966       2.8964
    3967       2.8550
    3968       2.9062
    3969       2.9001
    3970       2.8162
    3971       2.9245
    3972       2.8395
    3973       2.7925
    3974       2.8319
    3975       2.8860
    3976       2.8008
    3977       2.8406
    3978       2.7934
    3979       2.8558
    3980       2.8346
    3981       2.9197
    3982       2.8051
    3983       2.8860
    3984       2.9079
    3985       2.9127
    3986       2.9681
    3987       2.9076
    3988       2.8910
    3989       2.8738
    3990       2.9961
    3991       2.9476
    3992       2.9196
    3993       2.8840
    3994       2.8293
    3995       2.8396
    3996       2.7927
    3997       2.7194
    3998       2.7741
    3999       2.8404
    4000       2.7110
    4001       2.8505
    4002       2.7191
    4003       2.7009
    4004       2.6502
    4005       2.6369
    4006       2.6881
    4007       2.8074
    4008       2.8115
    4009       2.7546
    4010       2.6825
    4011       2.8038
    4012       2.8280
    4013       2.8856
    4014       2.8435
    4015       2.9207
    4016       2.8117
    4017       2.8687
    4018       2.8827
    4019       2.8546
    4020       2.9244
    4021       2.9148
    4022       2.7821
    4023       2.9127
    4024       2.8453
    4025       2.8541
    4026       2.8276
    4027       2.8963
    4028       2.9821
    4029       2.8838
    4030       2.9226
    4031       2.9507
    4032       2.9624
    4033       2.9919
    4034       2.9390
    4035       2.8357
    4036       2.8934
    4037       3.0006
    4038       3.0163
    4039       3.0792
    4040       3.0088
    4041       3.0177
    4042       2.9798
    4043       3.0142
    4044       2.9969
    4045       2.9759
    4046       2.9779
    4047       3.0155
    4048       3.0249
    4049       2.9637
    4050       3.0579
    4051       2.9479
    4052       2.8959
    4053       2.8973
    4054       2.9426
    4055       3.0241
    4056       2.9334
    4057       2.9675
    4058       2.8153
    4059       2.9155
    4060       3.0057
    4061       2.8628
    4062       2.9494
    4063       3.0942
    4064       2.9297
    4065       2.8986
    4066       3.0202
    4067       2.9478
    4068       2.9803
    4069       2.9560
    4070       2.9180
    4071       3.0115
    4072       2.8820
    4073       2.9539
    4074       2.9768
    4075       2.9075
    4076       2.8188
    4077       2.9847
    4078       2.9816
    4079       2.9961
    4080       2.9224
    4081       2.8921
    4082       2.8805
    4083       2.9324
    4084       2.9948
    4085       2.9550
    4086       2.9926
    4087       3.0137
    4088       2.9884
    4089       2.9425
    4090       2.9669
    4091       3.0198
    4092       2.9331
    4093       2.8233
    4094       2.8632
    4095       2.8170
    4096       2.8542
    4097       2.8458
    4098       2.8804
    4099       2.8691
    4100       3.0057
    4101       2.9233
    4102       2.9818
    4103       2.9401
    4104       3.0036
    4105       2.9121
    4106       3.0125
    4107       2.9117
    4108       2.8773
    4109       2.9902
    4110       3.0359
    4111       2.8989
    4112       2.9274
    4113       2.9539
    4114       2.9308
    4115       2.8895
    4116       2.9592
    4117       2.9158
    4118       2.8285
    4119       2.8739
    4120       2.9188
    4121       2.8598
    4122       2.8136
    4123       2.9036
    4124       2.8167
    4125       2.8859
    4126       2.8098
    4127       2.8142
    4128       2.8467
    4129       2.8044
    4130       2.8500
    4131       2.8918
    4132       2.9382
    4133       2.9743
    4134       2.9061
    4135       2.9199
    4136       2.9055
    4137       2.8684
    4138       2.9001
    4139       2.8756
    4140       2.9352
    4141       2.9351
    4142       2.8629
    4143       2.7925
    4144       2.8209
    4145       2.8809
    4146       2.8761
    4147       2.7859
    4148       2.8716
    4149       2.8654
    4150       2.8600
    4151       2.8922
    4152       2.8120
    4153       2.7955
    4154       2.8017
    4155       2.7684
    4156       2.8027
    4157       2.8944
    4158       2.8009
    4159       2.8095
    4160       2.7117
    4161       2.7038
    4162       2.8265
    4163       2.8582
    4164       2.8557
    4165       2.8274
    4166       2.7891
    4167       2.8034
    4168       2.8564
    4169       2.7820
    4170       2.8663
    4171       2.7738
    4172       2.7438
    4173       2.9185
    4174       2.7947
    4175       2.8551
    4176       2.9340
    4177       2.8332
    4178       2.8669
    4179       2.7382
    4180       2.9366
    4181       2.8772
    4182       2.8401
    4183       2.8695
    4184       2.7141
    4185       2.7250
    4186       2.7261
    4187       2.7422
    4188       2.6975
    4189       2.7972
    4190       2.7704
    4191       2.8032
    4192       2.7810
    4193       2.7602
    4194       2.8378
    4195       2.7294
    4196       2.8150
    4197       2.9725
    4198       2.8162
    4199       2.9471
    4200       2.9128
    4201       2.8688
    4202       2.7711
    4203       2.7640
    4204       2.7543
    4205       2.8108
    4206       2.7882
    4207       2.7210
    4208       2.7776
    4209       2.6756
    4210       2.7221
    4211       2.7913
    4212       2.6935
    4213       2.7741
    4214       2.7878
    4215       2.6460
    4216       2.7025
    4217       2.7456
    4218       2.7087
    4219       2.8399
    4220       2.7430
    4221       2.7702
    4222       2.8159
    4223       2.8084
    4224       2.7528
    4225       2.7375
    4226       2.7254
    4227       2.6998
    4228       2.7329
    4229       2.7663
    4230       2.6069
    4231       2.6076
    4232       2.7466
    4233       2.6543
    4234       2.6041
    4235       2.6475
    4236       2.7399
    4237       2.6581
    4238       2.6533
    4239       2.6658
    4240       2.6753
    4241       2.7856
    4242       2.7976
    4243       2.8452
    4244       2.8185
    4245       2.8162
    4246       2.7200
    4247       2.8242
    4248       2.7073
    4249       2.7918
    4250       2.7084
    4251       2.7572
    4252       2.8151
    4253       2.6908
    4254       2.6592
    4255       2.6067
    4256       2.7036
    4257       2.6196
    4258       2.6481
    4259       2.6367
    4260       2.6779
    4261       2.7537
    4262       2.6394
    4263       2.6967
    4264       2.5928
    4265       2.6877
    4266       2.6757
    4267       2.7626
    4268       2.7191
    4269       2.7064
    4270       2.7149
    4271       2.7441
    4272       2.6377
    4273       2.7193
    4274       2.6305
    4275       2.7774
    4276       2.6657
    4277       2.6785
    4278       2.6470
    4279       2.6788
    4280       2.6486
    4281       2.7003
    4282       2.7300
    4283       2.6543
    4284       2.7349
    4285       2.7630
    4286       2.7153
    4287       2.5167
    4288       2.6848
    4289       2.7008
    4290       2.8307
    4291       2.7547
    4292       2.8854
    4293       2.8384
    4294       2.8205
    4295       2.7933
    4296       2.8885
    4297       2.7919
    4298       2.8303
    4299       2.8304
    4300       2.8342
    4301       2.8300
    4302       2.6917
    4303       2.7452
    4304       2.7638
    4305       2.6555
    4306       2.7916
    4307       2.7707
    4308       2.6079
    4309       2.7112
    4310       2.7917
    4311       2.8425
    4312       2.7408
    4313       2.7266
    4314       2.6892
    4315       2.7367
    4316       2.7099
    4317       2.7389
    4318       2.7250
    4319       2.6674
    4320       2.6849
    4321       2.6433
    4322       2.7002
    4323       2.6651
    4324       2.6045
    4325       2.7134
    4326       2.7382
    4327       2.6548
    4328       2.7801
    4329       2.7834
    4330       2.7728
    4331       2.7398
    4332       2.7490
    4333       2.6572
    4334       2.7440
    4335       2.6704
    4336       2.7261
    4337       2.7443
    4338       2.7993
    4339       2.7805
    4340       2.7977
    4341       2.7787
    4342       2.8456
    4343       2.7972
    4344       2.7406
    4345       2.7119
    4346       2.7754
    4347       2.7504
    4348       2.7191
    4349       2.7476
    4350       2.8308
    4351       2.7153
    4352       2.7204
    4353       2.6735
    4354       2.7740
    4355       2.8073
    4356       2.6916
    4357       2.6704
    4358       2.6947
    4359       2.7997
    4360       2.9236
    4361       2.7151
    4362       2.8498
    4363       2.7701
    4364       2.6546
    4365       2.6020
    4366       2.6344
    4367       2.5785
    4368       2.7560
    4369       2.7373
    4370       2.6994
    4371       2.6235
    4372       2.6179
    4373       2.6503
    4374       2.7497
    4375       2.6459
    4376       2.6935
    4377       2.6993
    4378       2.7123
    4379       2.6480
    4380       2.6051
    4381       2.6702
    4382       2.7290
    4383       2.6370
    4384       2.6359
    4385       2.6128
    4386       2.7815
    4387       2.6744
    4388       2.7531
    4389       2.7460
    4390       2.6808
    4391       2.7308
    4392       2.8313
    4393       2.7334
    4394       2.7136
    4395       2.6475
    4396       2.7267
    4397       2.7424
    4398       2.6509
    4399       2.7468
